14205 19621
17595 17829
14797 21677
11861 16052
15971 16265
7125 14406
11754 12731
1721 2593
1721 4743
2593 4743
17400 17401
11964 14067
13982 14072
13229 15818
663 731
8046 12104
8046 12165
8046 12401
12104 12165
12104 12401
12165 12401
7797 8068
7797 10685
8068 10685
25761 26888
16749 23649
16649 23047
16649 24399
23047 24399
5835 6974
23820 23821
14205 11034
1230 4569
1230 21584
4569 21584
24011 17595
14797 13905
4167 26594
15906 10840
9870 2963
9870 10642
2963 10642
14861 11861
14861 123
6909 2472
11861 123
19826 16302
19826 15971
16302 15971
25887 21395
25838 3551
25838 11813
3551 11813
11754 1721
11754 17400
11754 12460
1721 17400
1721 12460
17400 12460
11964 13982
13027 11615
13027 663
11615 663
8046 7797
17086 22909
12096 544
16749 8353
16749 16649
8353 16649
19297 6192
19297 203
19297 9905
19297 14636
6192 203
6192 9905
6192 14636
203 9905
203 14636
9905 14636
13895 11301
13895 14824
11301 14824
5835 623
5835 661
623 661
20730 17225
20730 22983
17225 22983
23820 3156
