22188 39121
22483 22577
22491 22564
22547 39161
22557 35363
22558 43586
22566 39120
22568 42068
22574 44136
24013 24107
24014 24104
24017 24071
24019 24070
24020 24151
24021 24147
24022 39156
24023 24146
24026 24148
24027 24108
24027 24152
24030 24155
24042 24083
24044 24140
24049 24077
24050 24076
24051 24078
24052 24079
24054 24143
24055 24084
24056 24085
24057 24087
24058 24088
24060 24090
24061 24093
24063 24092
24064 24099
24064 24154
24065 24118
24066 24119
24067 24120
24069 24102
24069 24153
24073 24123
24074 24139
24075 24138
24098 24156
24099 24154
24102 24153
24108 24152
24150 39246
32284 32360
32434 32452
32435 32447
32437 32451
32438 32446
32439 32448
32441 32445
32450 43433
32749 32771
33919 44143
33923 44195
33967 43769
35128 35147
35140 41684
35140 42061
35141 42063
35142 35161
35144 42062
35154 41648
35154 41870
35155 41869
35159 35202
35164 35204
35165 35205
35166 35206
35168 41826
35171 35208
35180 35211
35182 35212
35186 44083
35188 35203
35199 35359
35296 35356
35297 35353
35298 35357
35299 35355
35300 35352
35301 35350
35302 35354
35303 35321
35326 42382
35358 35364
35362 41471
35407 35426
36495 43393
36552 36578
36563 36576
36567 36579
36568 36589
36569 36590
36570 36587
36571 36586
37675 37698
37676 37682
37677 37694
37678 37696
39119 39250
39129 39294
39132 39306
39137 39290
39139 39282
39142 39286
39147 39224
39147 39281
39149 39295
39155 39287
39162 39303
39164 39305
39165 39293
39167 39225
39168 39296
39169 39304
39173 39277
39175 39292
39224 39281
39230 39278
39230 39283
39240 39307
39278 39283
40766 40850
40766 40956
40766 41007
40767 41013
40769 40869
40769 40961
40769 41009
40771 40852
40771 40955
40771 41016
40850 40956
40850 41007
40851 40932
40851 40988
40852 40955
40852 41016
40858 41002
40866 41023
40869 40961
40869 41009
40870 40957
40872 41011
40927 41008
40928 41020
40930 40984
40930 41001
40932 40988
40938 40985
40941 40980
40955 41016
40956 41007
40961 41009
40963 41004
40964 40981
40983 41018
40984 41001
41000 41006
41019 41419
41025 41421
41026 41427
41028 41459
41029 41468
41314 41551
41316 41570
41317 41557
41317 41576
41319 41561
41320 41458
41321 41563
41322 41565
41323 41887
41324 41555
41325 41559
41326 41573
41328 41569
41331 41564
41333 42083
41335 41579
41335 41581
41340 41687
41341 42185
41342 41574
41345 41690
41345 42180
41346 41851
41348 41422
41352 41562
41352 41578
41354 41658
41370 41822
41371 41736
41372 41819
41373 41825
41375 41820
41384 41791
41387 41790
41390 41737
41392 41664
41395 41675
41396 41894
41401 41682
41402 42057
41404 41689
41404 41840
41406 41678
41410 41808
41450 41476
41452 41465
41462 41821
41472 41580
41477 41558
41552 41554
41557 41576
41562 41578
41577 41696
41579 41581
41647 41734
41648 41870
41650 42078
41651 41983
41652 41740
41652 41898
41653 41725
41653 41890
41653 41891
41654 41993
41656 41896
41657 41980
41659 42082
41665 41982
41669 41979
41672 41726
41676 42050
41677 41698
41679 41992
41683 41986
41684 42061
41688 41994
41689 41840
41690 42180
41691 41786
41693 41745
41694 41747
41695 41752
41697 41757
41700 41754
41725 41890
41725 41891
41729 41875
41730 41882
41730 42085
41731 42084
41735 41846
41740 41898
41743 41877
41756 41834
41783 41838
41788 41876
41788 41888
41789 41989
41794 42079
41795 42056
41797 42053
41798 42182
41799 42069
41800 42054
41800 42178
41801 41871
41804 42059
41810 41835
41810 42192
41811 41847
41812 41857
41815 41850
41816 41836
41816 42184
41817 41855
41818 42058
41824 41854
41830 42188
41833 41841
41835 42192
41836 42184
41839 41858
41839 42190
41852 42183
41858 42190
41861 42072
41876 41888
41878 42051
41882 42085
41890 41891
42054 42178
42386 42391
42387 42395
42392 42457
42397 42454
42407 42456
42597 42660
42598 42661
42602 42654
42604 42608
42604 42663
42607 42662
42608 42663
42627 42840
42632 42802
42632 42837
42634 42829
42635 42832
42652 42673
42791 42809
42798 42836
42802 42837
42803 42808
42918 43088
42918 43185
42920 43080
42920 43166
42921 43176
42922 43132
42922 43136
42924 43068
42925 43087
42926 43202
42928 43160
42932 43174
42933 43184
43067 43355
43067 43362
43071 43173
43072 43175
43073 43187
43080 43166
43084 43137
43085 43365
43088 43185
43091 43364
43091 43383
43092 43192
43118 43129
43121 43196
43125 43200
43131 43204
43132 43136
43133 43201
43134 43594
43135 43360
43138 43361
43141 43379
43163 43354
43349 43363
43355 43362
43364 43383
43388 43573
43392 43771
43398 43768
43399 43566
43399 43588
43443 43763
43566 43588
43751 44074
43756 44022
43766 44023
43766 44026
44023 44026
44068 44151
44070 44089
44071 44122
44078 44086
44084 44139
44088 44168
44125 44128
44129 44192
44131 44180
44133 44159
22188 39121
22483 22577
22491 22564
22547 39161
22557 35363
22558 43586
22566 39120
22568 42068
22574 44136
24013 24107
24014 24104
24017 24071
24019 24070
24020 24151
24021 24147
24022 39156
24023 24146
24026 24148
24027 24108
24027 24152
24030 24155
24042 24083
24044 24140
24049 24077
24050 24076
24051 24078
24052 24079
24054 24143
24055 24084
24056 24085
24057 24087
24058 24088
24060 24090
24061 24093
24063 24092
24064 24099
24064 24154
24065 24118
24066 24119
24067 24120
24069 24102
24069 24153
24073 24123
24074 24139
24075 24138
24098 24156
24099 24154
24102 24153
24108 24152
24150 39246
32284 32360
32434 32452
32435 32447
32437 32451
32438 32446
32439 32448
32441 32445
32450 43433
32749 32771
33919 44143
33923 44195
33967 43769
35128 35147
35140 41684
35140 42061
35141 42063
35142 35161
35144 42062
35154 41648
35154 41870
35155 41869
35159 35202
35164 35204
35165 35205
35166 35206
35168 41826
35171 35208
35180 35211
35182 35212
35186 44083
35188 35203
35199 35359
35296 35356
35297 35353
35298 35357
35299 35355
35300 35352
35301 35350
35302 35354
35303 35321
35326 42382
35358 35364
35362 41471
35407 35426
36495 43393
36552 36578
36563 36576
36567 36579
36568 36589
36569 36590
36570 36587
36571 36586
37675 37698
37676 37682
37677 37694
37678 37696
39119 39250
39129 39294
39132 39306
39137 39290
39139 39282
39142 39286
39147 39224
39147 39281
39149 39295
39155 39287
39162 39303
39164 39305
39165 39293
39167 39225
39168 39296
39169 39304
39173 39277
39175 39292
39224 39281
39230 39278
39230 39283
39240 39307
39278 39283
40766 40850
40766 40956
40766 41007
40767 41013
40769 40869
40769 40961
40769 41009
40771 40852
40771 40955
40771 41016
40850 40956
40850 41007
40851 40932
40851 40988
40852 40955
40852 41016
40858 41002
40866 41023
40869 40961
40869 41009
40870 40957
40872 41011
40927 41008
40928 41020
40930 40984
40930 41001
40932 40988
40938 40985
40941 40980
40955 41016
40956 41007
40961 41009
40963 41004
40964 40981
40983 41018
40984 41001
41000 41006
41019 41419
41025 41421
41026 41427
41028 41459
41029 41468
41314 41551
41316 41570
41317 41557
41317 41576
41319 41561
41320 41458
41321 41563
41322 41565
41323 41887
41324 41555
41325 41559
41326 41573
41328 41569
41331 41564
41333 42083
41335 41579
41335 41581
41340 41687
41341 42185
41342 41574
41345 41690
41345 42180
41346 41851
41348 41422
41352 41562
41352 41578
41354 41658
41370 41822
41371 41736
41372 41819
41373 41825
41375 41820
41384 41791
41387 41790
41390 41737
41392 41664
41395 41675
41396 41894
41401 41682
41402 42057
41404 41689
41404 41840
41406 41678
41410 41808
41450 41476
41452 41465
41462 41821
41472 41580
41477 41558
41552 41554
41557 41576
41562 41578
41577 41696
41579 41581
41647 41734
41648 41870
41650 42078
41651 41983
41652 41740
41652 41898
41653 41725
41653 41890
41653 41891
41654 41993
41656 41896
41657 41980
41659 42082
41665 41982
41669 41979
41672 41726
41676 42050
41677 41698
41679 41992
41683 41986
41684 42061
41688 41994
41689 41840
41690 42180
41691 41786
41693 41745
41694 41747
41695 41752
41697 41757
41700 41754
41725 41890
41725 41891
41729 41875
41730 41882
41730 42085
41731 42084
3192 16358
