6564 12369
6564 18012
12369 18012
7505 13746
7505 17726
7505 25505
13746 17726
13746 25505
17726 25505
3148 6948
3148 18038
6948 18038
2480 7688
2480 18371
2480 25147
7688 18371
7688 25147
18371 25147
3343 8182
3343 9211
8182 9211
23259 23297
23259 23361
23297 23361
4825 9453
4825 12089
4825 20706
4825 26558
9453 12089
9453 20706
9453 26558
12089 20706
12089 26558
20706 26558
17393 18267
17393 18279
17393 18880
18267 18279
18267 18880
18279 18880
5028 5242
5028 13013
5242 13013
270 566
270 3076
566 3076
11897 14540
11897 16557
14540 16557
17775 18013
13832 18041
13832 18198
18041 18198
12277 17606
12277 25462
17606 25462
210 16154
210 19470
16154 19470
20261 21258
17624 18209
17624 20301
18209 20301
27876 27907
4971 6647
4971 23874
6647 23874
25051 28199
515 19666
515 27735
19666 27735
2764 7267
2764 13398
2764 24467
2764 29452
7267 13398
7267 24467
7267 29452
13398 24467
13398 29452
24467 29452
3359 16877
11715 11732
11715 12005
11715 17377
11732 12005
11732 17377
12005 17377
13075 29342
1052 1334
1052 13258
1052 28756
1334 13258
1334 28756
13258 28756
4576 7883
4576 16975
4576 19805
7883 16975
7883 19805
16975 19805
13754 15216
13754 17152
15216 17152
13220 22178
13220 23574
22178 23574
13990 16853
13990 16933
16853 16933
1401 7417
1401 12373
1401 18120
7417 12373
7417 18120
12373 18120
12853 13287
12853 21211
13287 21211
142 7553
142 7774
142 12231
142 20328
7553 7774
7553 12231
7553 20328
7774 12231
7774 20328
12231 20328
6315 6663
6315 13577
6315 21708
6663 13577
6663 21708
13577 21708
5412 9610
5412 16560
9610 16560
4988 7060
4988 13253
4988 19248
4988 23352
7060 13253
7060 19248
7060 23352
13253 19248
13253 23352
19248 23352
812 1244
812 8278
812 12237
812 23655
1244 8278
1244 12237
1244 23655
8278 12237
8278 23655
12237 23655
23390 24488
15938 20122
4673 16472
4673 20864
16472 20864
11274 11774
11274 20974
11774 20974
5677 12674
5677 13331
5677 13552
12674 13331
12674 13552
13331 13552
5805 13983
5805 19296
13983 19296
9314 14754
9314 20088
14754 20088
370 1824
370 7062
1824 7062
23021 23744
2397 24330
3724 14217
3724 19083
14217 19083
14814 25187
3853 14768
3853 19512
14768 19512
8189 13370
8189 20599
13370 20599
1634 15332
1634 18543
15332 18543
3784 10201
3784 17001
10201 17001
6038 7319
8419 14289
8419 21733
14289 21733
2437 5946
2437 15765
2437 23550
5946 15765
5946 23550
15765 23550
14613 15822
338 6980
338 14216
338 19307
6980 14216
6980 19307
14216 19307
4429 11258
8447 14823
8447 18895
14823 18895
14615 15808
10644 15713
10644 19932
15713 19932
25241 26744
25241 29899
26744 29899
14329 20888
14329 26251
20888 26251
4509 10675
4509 12898
4509 20212
10675 12898
10675 20212
12898 20212
1036 7333
1036 15484
1036 24261
7333 15484
7333 24261
15484 24261
428 6339
428 17514
428 22922
428 29072
6339 17514
6339 22922
6339 29072
17514 22922
17514 29072
22922 29072
12301 18676
1493 8141
1493 16428
1493 20298
8141 16428
8141 20298
16428 20298
8559 13392
8559 26079
8559 29967
13392 26079
13392 29967
26079 29967
5853 26057
5853 29891
26057 29891
24781 25132
24781 26134
25132 26134
13623 18252
1362 9098
1362 14682
1362 27982
9098 14682
9098 27982
14682 27982
2698 7903
2698 14508
7903 14508
17836 18182
17836 18245
17836 18907
18182 18245
18182 18907
18245 18907
4775 8493
4775 9292
8493 9292
2290 8244
2290 12687
2290 18087
8244 12687
8244 18087
12687 18087
296 14038
296 17784
14038 17784
1905 6209
1905 19005
6209 19005
3588 7659
3588 13698
7659 13698
17660 17845
17660 17935
17845 17935
3754 8943
3754 15097
8943 15097
3763 10549
3763 20245
10549 20245
8296 14584
8296 19129
8296 23302
14584 19129
14584 23302
19129 23302
5964 6024
5964 6637
6024 6637
18302 18570
17468 17672
17468 17920
17672 17920
10519 10796
7125 14406
13126 15311
10893 14625
10893 15139
14625 15139
561 7177
561 23844
561 28859
7177 23844
7177 28859
23844 28859
14076 28028
1098 6809
1098 15132
1098 19685
6809 15132
6809 19685
15132 19685
8046 12104
8046 12165
8046 12401
12104 12165
12104 12401
12165 12401
7797 8068
7797 10685
8068 10685
3920 7102
3920 15859
7102 15859
9206 13314
9206 20880
13314 20880
17685 17932
4111 9511
4111 21569
4111 26570
9511 21569
9511 26570
21569 26570
24703 24782
24703 25512
24782 25512
2628 7222
2628 13818
2628 24445
2628 28810
7222 13818
7222 24445
7222 28810
13818 24445
13818 28810
24445 28810
4490 9159
4490 13195
4490 18903
9159 13195
9159 18903
13195 18903
4162 15662
4162 20267
15662 20267
757 881
757 11901
757 18550
757 29015
881 11901
881 18550
881 29015
11901 18550
11901 29015
18550 29015
4243 4625
4243 13741
4243 22692
4625 13741
4625 22692
13741 22692
2091 6449
2091 13193
2091 22081
6449 13193
6449 22081
13193 22081
1197 6136
1197 14542
6136 14542
3114 8167
3114 20391
8167 20391
3894 9232
3894 22009
9232 22009
15041 16099
17960 18424
17960 18477
18424 18477
8145 15787
8145 18874
15787 18874
20804 20889
20804 23997
20889 23997
759 5911
759 17515
759 22938
5911 17515
5911 22938
17515 22938
13007 20656
771 853
771 19687
853 19687
6259 6795
6259 9274
6795 9274
2124 7158
2124 12230
7158 12230
28667 29659
12152 14980
1759 10741
1759 13763
1759 22734
10741 13763
10741 22734
13763 22734
26349 26783
10012 20854
2309 6615
2309 13915
2309 19126
6615 13915
6615 19126
13915 19126
2260 9164
2260 14860
2260 18731
9164 14860
9164 18731
14860 18731
10603 15026
10603 20290
15026 20290
4240 4620
4240 14543
4240 19783
4620 14543
4620 19783
14543 19783
16438 28387
152 12215
152 18904
12215 18904
15697 19822
15697 29755
19822 29755
11812 13308
3433 16446
3433 20213
16446 20213
7664 15486
7664 24807
15486 24807
8620 8914
15510 18599
15510 29052
18599 29052
10653 13937
10653 21101
10653 25438
13937 21101
13937 25438
21101 25438
7696 14545
7696 20511
14545 20511
12254 12349
11911 14590
3820 13191
3820 22155
13191 22155
2067 22050
2067 25765
2067 28762
22050 25765
22050 28762
25765 28762
3371 10626
3781 6483
3781 14524
6483 14524
16720 27659
2553 8854
2553 15614
8854 15614
3517 4739
3517 19147
4739 19147
11850 13330
11850 14627
13330 14627
732 8741
732 12143
732 18486
8741 12143
8741 18486
12143 18486
167 11285
167 13519
167 19667
11285 13519
11285 19667
13519 19667
838 1603
838 1771
1603 1771
3722 6329
3722 15157
3722 18049
6329 15157
6329 18049
15157 18049
1804 8390
1804 13323
1804 28855
1804 29813
8390 13323
8390 28855
8390 29813
13323 28855
13323 29813
28855 29813
15561 19402
15561 29462
19402 29462
17666 18948
17666 19255
18948 19255
12211 13152
12211 27297
13152 27297
1316 1477
1316 2799
1477 2799
10528 17371
12000 21041
183 1451
9289 16292
9289 17548
9289 23118
9289 29756
16292 17548
16292 23118
16292 29756
17548 23118
17548 29756
23118 29756
3192 8131
3192 16358
3192 18458
3192 18761
3192 24290
8131 16358
8131 18458
8131 18761
8131 24290
16358 18458
16358 18761
16358 24290
18458 18761
18458 24290
18761 24290
17692 17800
17692 18003
17800 18003
1917 10680
1917 21201
10680 21201
209 397
209 430
209 841
397 430
397 841
430 841
23947 24210
8927 15424
8927 20145
15424 20145
17767 17855
17822 18146
17822 18208
18146 18208
220 388
220 421
220 895
388 421
388 895
421 895
17838 28260
17838 28992
28260 28992
15126 25748
10234 10656
10234 14507
10656 14507
5080 13893
5080 17507
13893 17507
17653 17926
11149 17281
11149 20813
17281 20813
317 6322
317 7551
317 18191
317 23041
317 29748
6322 7551
6322 18191
6322 23041
6322 29748
7551 18191
7551 23041
7551 29748
18191 23041
18191 29748
23041 29748
1226 5892
1226 15358
1226 18932
5892 15358
5892 18932
15358 18932
3223 16060
3223 18745
16060 18745
13455 14062
13455 16077
13455 16566
14062 16077
14062 16566
16077 16566
2382 8825
2382 14384
2382 18451
8825 14384
8825 18451
14384 18451
1306 1400
1306 6278
1306 15777
1400 6278
1400 15777
6278 15777
2557 7666
2557 13524
2557 20229
7666 13524
7666 20229
13524 20229
12643 13042
12643 13686
13042 13686
15958 16258
15958 28316
16258 28316
23086 23277
23086 23405
23277 23405
5755 6228
2316 7255
2316 15008
2316 20096
2316 25366
7255 15008
7255 20096
7255 25366
15008 20096
15008 25366
20096 25366
1023 7714
1023 14379
1023 21721
7714 14379
7714 21721
14379 21721
3811 8546
3811 16965
3811 19462
8546 16965
8546 19462
16965 19462
10564 11216
10564 16356
11216 16356
10006 12826
10006 22304
10006 23099
12826 22304
12826 23099
22304 23099
9606 16197
5278 14226
5278 23758
14226 23758
12518 12634
1574 1845
4169 10046
4169 12713
4169 21934
10046 12713
10046 21934
12713 21934
5682 11277
5682 21261
11277 21261
9888 13632
9888 21800
13632 21800
15921 17788
16085 17785
13289 13388
12606 13505
5796 11712
5796 14012
5796 14660
11712 14012
11712 14660
14012 14660
11861 16052
13311 14409
13311 15455
14409 15455
1674 2039
232 385
232 417
232 967
385 417
385 967
417 967
9753 15776
9753 19549
15776 19549
1380 8658
1380 20003
1380 23591
8658 20003
8658 23591
20003 23591
1331 15917
1331 18069
15917 18069
26581 27820
1671 6479
1671 12754
1671 18530
6479 12754
6479 18530
12754 18530
1644 6586
1644 12006
1644 22376
6586 12006
6586 22376
12006 22376
2356 3000
2356 28121
3000 28121
4736 12781
4736 21659
12781 21659
16421 22020
16421 28631
22020 28631
186 263
186 425
186 468
263 425
263 468
425 468
27591 28275
1863 7173
1863 14527
1863 19406
7173 14527
7173 19406
14527 19406
12132 12202
12132 13149
12202 13149
19453 25525
19453 29937
25525 29937
996 7740
996 17452
7740 17452
4368 15914
4368 19093
15914 19093
4383 15883
4383 19025
15883 19025
1945 10425
1945 15485
10425 15485
1369 14646
1369 26214
1369 29029
14646 26214
14646 29029
26214 29029
17673 17793
17673 17945
17793 17945
16028 18192
16028 18469
16028 29553
18192 18469
18192 29553
18469 29553
8265 13374
8265 18102
8265 23998
13374 18102
13374 23998
18102 23998
3453 7059
3453 12655
7059 12655
1236 6559
1236 7460
1236 17485
1236 29410
6559 7460
6559 17485
6559 29410
7460 17485
7460 29410
17485 29410
4748 8632
4748 12645
4748 22659
8632 12645
8632 22659
12645 22659
23179 23332
23179 23356
23332 23356
17519 18505
13829 18029
13829 18199
18029 18199
1136 5191
1116 7545
1116 12797
1116 22214
7545 12797
7545 22214
12797 22214
163 257
163 433
257 433
3461 5097
3461 15074
5097 15074
1264 8636
1264 15086
8636 15086
4319 6664
4319 11959
4319 22122
6664 11959
6664 22122
11959 22122
12711 19925
12711 27392
19925 27392
5882 12697
5882 17575
5882 27702
12697 17575
12697 27702
17575 27702
15430 19882
15430 26291
19882 26291
17678 17929
6747 12946
6747 18050
12946 18050
7739 18137
7739 27990
18137 27990
27426 27568
9914 9934
14874 15520
13458 16081
13458 16573
16081 16573
22977 23466
22977 24270
23466 24270
8097 15992
8097 24538
15992 24538
24820 25160
24820 26091
25160 26091
4077 10902
4077 16999
4077 19656
10902 16999
10902 19656
16999 19656
9616 16676
9616 18184
16676 18184
1156 2300
1156 10758
2300 10758
1200 24227
1200 24648
24227 24648
17902 17962
17902 18474
17962 18474
914 15406
914 22111
15406 22111
1112 8111
1112 16080
1112 19389
8111 16080
8111 19389
16080 19389
2215 7591
2215 14039
2215 25178
7591 14039
7591 25178
14039 25178
2479 6119
2479 11762
6119 11762
25043 28196
12721 13207
16264 25697
16266 25695
9476 13053
9476 21069
13053 21069
7471 17186
4556 8828
4556 16179
8828 16179
2944 7293
2944 16181
2944 19847
7293 16181
7293 19847
16181 19847
4469 17623
6792 17577
6792 29295
17577 29295
23096 23286
23096 23398
23286 23398
17662 18320
17662 18540
18320 18540
26598 29313
26598 29511
29313 29511
1237 5901
1237 16058
1237 20258
5901 16058
5901 20258
16058 20258
3874 9373
3874 16669
3874 20254
3874 20912
9373 16669
9373 20254
9373 20912
16669 20254
16669 20912
20254 20912
3614 5266
3614 7889
5266 7889
929 13554
929 16324
929 26335
13554 16324
13554 26335
16324 26335
3462 14491
3462 17135
14491 17135
294 1492
294 8552
294 15257
294 19177
294 24874
294 28991
1492 8552
1492 15257
1492 19177
1492 24874
1492 28991
8552 15257
8552 19177
8552 24874
8552 28991
15257 19177
15257 24874
15257 28991
19177 24874
19177 28991
24874 28991
5167 5512
5167 10281
5167 11913
5167 21011
5167 23612
5512 10281
5512 11913
5512 21011
5512 23612
10281 11913
10281 21011
10281 23612
11913 21011
11913 23612
21011 23612
3467 8282
3467 15804
8282 15804
3155 7110
3155 22077
7110 22077
11815 12999
5154 6456
5154 14820
6456 14820
12343 12756
12343 13272
12756 13272
11630 17887
11630 18484
17887 18484
17413 17848
17413 18220
17413 18271
17413 18901
17848 18220
17848 18271
17848 18901
18220 18271
18220 18901
18271 18901
201 365
201 1458
365 1458
1436 8343
1436 13051
1436 21763
1436 24326
1436 29855
8343 13051
8343 21763
8343 24326
8343 29855
13051 21763
13051 24326
13051 29855
21763 24326
21763 29855
24326 29855
6471 9163
9665 10229
3434 5904
3434 11785
3434 21259
5904 11785
5904 21259
11785 21259
1120 6930
1120 15891
1120 18542
6930 15891
6930 18542
15891 18542
17569 18203
219 12265
219 17417
12265 17417
8112 12447
8112 21218
8112 23711
12447 21218
12447 23711
21218 23711
504 1664
504 2029
1664 2029
3329 11131
3329 15407
3329 20089
3329 20277
11131 15407
11131 20089
11131 20277
15407 20089
15407 20277
20089 20277
14149 20322
14149 28345
20322 28345
13788 15206
11828 13302
8100 13582
8100 19124
8100 24159
8100 29812
13582 19124
13582 24159
13582 29812
19124 24159
19124 29812
24159 29812
11057 11348
11057 14352
11057 19356
11348 14352
11348 19356
14352 19356
3573 13170
3573 21961
13170 21961
8417 14892
8417 18667
8417 19430
8417 26553
8417 29549
14892 18667
14892 19430
14892 26553
14892 29549
18667 19430
18667 26553
18667 29549
19430 26553
19430 29549
26553 29549
7246 7674
7246 8169
7674 8169
2537 9060
2537 12291
2537 18174
9060 12291
9060 18174
12291 18174
5175 10344
5175 12936
5175 19109
10344 12936
10344 19109
12936 19109
3603 9470
3603 15661
3603 20227
3603 26083
9470 15661
9470 20227
9470 26083
15661 20227
15661 26083
20227 26083
5480 7796
5480 15002
7796 15002
15495 16138
15495 25055
16138 25055
14797 21677
18103 18504
18103 18853
18504 18853
1761 2623
27881 27912
14490 20148
638 1056
638 6503
638 12350
638 18130
1056 6503
1056 12350
1056 18130
6503 12350
6503 18130
12350 18130
11870 12157
11870 12399
12157 12399
7641 15138
7641 23709
15138 23709
28902 29308
1153 2293
1153 17828
2293 17828
9574 10129
9574 20134
10129 20134
22987 23460
22987 24276
23460 24276
412 5927
412 15757
412 19768
5927 15757
5927 19768
15757 19768
6152 7477
6152 25306
7477 25306
10624 12436
10624 17501
12436 17501
1982 9047
1982 19892
9047 19892
3366 16509
3366 19708
16509 19708
479 1966
479 5963
1966 5963
431 8481
431 16576
431 19923
8481 16576
8481 19923
16576 19923
485 1915
485 10819
485 13376
1915 10819
1915 13376
10819 13376
50 18426
50 25237
50 29828
18426 25237
18426 29828
25237 29828
17837 18168
4294 15934
4294 19806
15934 19806
24627 24708
24627 26319
24708 26319
5798 11781
5798 22557
11781 22557
6003 6237
6003 6529
6237 6529
5614 12167
5614 22388
12167 22388
14444 15023
7140 9907
7140 9927
9907 9927
18282 18878
3799 7002
3799 15043
7002 15043
10911 15724
10911 18716
10911 26470
15724 18716
15724 26470
18716 26470
23119 23283
17478 18161
1814 20688
1814 24799
20688 24799
1555 6779
1555 20084
6779 20084
4722 6957
4722 15210
6957 15210
13248 17483
13248 23429
13248 29391
17483 23429
17483 29391
23429 29391
2988 8882
2988 12766
2988 26593
8882 12766
8882 26593
12766 26593
3876 8518
3876 16065
3876 22125
8518 16065
8518 22125
16065 22125
7946 16488
7946 18054
16488 18054
29428 29506
14403 17512
14403 17719
14403 17876
17512 17719
17512 17876
17719 17876
24624 24705
10643 14106
10643 19095
14106 19095
7790 16246
7790 20240
7790 25740
16246 20240
16246 25740
20240 25740
729 9541
729 10933
729 13189
9541 10933
9541 13189
10933 13189
2398 8635
2398 19901
8635 19901
11698 11699
1612 6243
1612 12022
6243 12022
23166 23325
23166 23365
23325 23365
10682 11329
10682 17917
10682 18489
11329 17917
11329 18489
17917 18489
6097 24729
6097 25517
24729 25517
13157 14881
3663 5908
3663 24810
5908 24810
14550 24996
14550 28204
24996 28204
1506 6695
1506 18503
6695 18503
18098 18165
18098 18581
18165 18581
17464 17909
17464 18265
17464 18894
17909 18265
17909 18894
18265 18894
3691 5221
3691 13952
5221 13952
14028 14116
14028 14675
14116 14675
8577 8903
8577 29303
8903 29303
26496 29930
11852 21852
11852 23081
21852 23081
13460 16086
13460 16579
16086 16579
6793 14877
6793 15523
14877 15523
1300 6111
1300 15369
1300 18994
6111 15369
6111 18994
15369 18994
10524 10838
10524 12871
10838 12871
4961 8057
4961 15302
8057 15302
5620 10105
5620 13719
5620 17646
10105 13719
10105 17646
13719 17646
24683 25556
22156 24872
22156 28984
24872 28984
5411 9118
5411 15711
9118 15711
6347 16630
6347 20059
16630 20059
17595 17829
14721 16909
24000 24325
24000 27586
24325 27586
2651 6357
2651 23634
6357 23634
10189 13011
10189 14872
13011 14872
6193 13198
6193 18529
13198 18529
273 11343
273 18178
11343 18178
19573 20226
10249 10866
12268 13006
15971 16265
13947 23776
4986 7977
4986 16483
7977 16483
12701 19392
12701 28343
19392 28343
7321 18300
7321 23806
18300 23806
1035 6161
1035 7513
1035 12130
1035 22123
1035 23728
6161 7513
6161 12130
6161 22123
6161 23728
7513 12130
7513 22123
7513 23728
12130 22123
12130 23728
22123 23728
88 8407
88 15979
88 19665
88 27903
8407 15979
8407 19665
8407 27903
15979 19665
15979 27903
19665 27903
1097 25119
1097 26439
25119 26439
23258 23492
23258 26189
23492 26189
777 15755
777 17811
777 26812
777 29890
15755 17811
15755 26812
15755 29890
17811 26812
17811 29890
26812 29890
8547 8880
1085 8849
1085 28975
8849 28975
5983 6574
4912 7068
4912 13964
7068 13964
3403 7966
3403 12640
3403 24446
7966 12640
7966 24446
12640 24446
6418 14034
6418 21478
14034 21478
17654 17820
17654 18200
17654 18865
17820 18200
17820 18865
18200 18865
23089 23263
23089 23442
23263 23442
3083 3266
9041 13481
9041 19428
13481 19428
202 379
7596 14952
7596 20846
14952 20846
877 6206
877 12566
877 17940
6206 12566
6206 17940
12566 17940
12524 21816
2962 4967
24793 25146
24793 26119
25146 26119
11722 12423
11722 17562
11722 17912
11722 19316
12423 17562
12423 17912
12423 19316
17562 17912
17562 19316
17912 19316
1194 13633
1194 17567
13633 17567
22812 22955
890 7689
890 29243
7689 29243
602 625
602 6140
602 7578
602 12519
602 14662
602 17403
602 17574
602 20671
625 6140
625 7578
625 12519
625 14662
625 17403
625 17574
625 20671
6140 7578
6140 12519
6140 14662
6140 17403
6140 17574
6140 20671
7578 12519
7578 14662
7578 17403
7578 17574
7578 20671
12519 14662
12519 17403
12519 17574
12519 20671
14662 17403
14662 17574
14662 20671
17403 17574
17403 20671
17574 20671
17874 18172
17874 18583
18172 18583
6470 17456
6470 24071
6470 28843
17456 24071
17456 28843
24071 28843
23235 23313
23235 23327
23235 25406
23313 23327
23313 25406
23327 25406
18262 19417
18262 26400
18262 26882
19417 26400
19417 26882
26400 26882
9517 9804
8987 15922
8987 22014
15922 22014
10901 12475
151 821
151 1466
151 7315
821 1466
821 7315
1466 7315
8116 13605
8116 21287
13605 21287
18236 18801
18236 27099
18801 27099
3912 8393
3912 15037
3912 19176
3912 23338
8393 15037
8393 19176
8393 23338
15037 19176
15037 23338
19176 23338
27720 28556
40 363
40 1677
40 5778
40 5781
363 1677
363 5778
363 5781
1677 5778
1677 5781
5778 5781
5786 6417
6089 13867
6089 22497
13867 22497
5867 6215
5867 6302
5867 6341
6215 6302
6215 6341
6302 6341
2564 13206
2564 26671
13206 26671
24813 25153
24813 26112
25153 26112
12563 22658
12563 23426
22658 23426
4598 12234
4598 17778
12234 17778
5555 6398
5555 14806
5555 21492
6398 14806
6398 21492
14806 21492
1730 2610
1730 4789
2610 4789
2695 8211
2695 13297
2695 18297
8211 13297
8211 18297
13297 18297
7493 14195
7493 18367
14195 18367
237 861
237 6099
237 11868
237 17914
861 6099
861 11868
861 17914
6099 11868
6099 17914
11868 17914
6371 13663
6371 17970
13663 17970
2116 19218
2116 25157
19218 25157
1532 8124
559 13073
559 13680
13073 13680
28761 28851
6802 12941
6802 18615
12941 18615
1000 10821
1000 14686
10821 14686
20358 20436
839 1607
839 1844
1607 1844
11554 24709
4232 4477
12852 13486
12852 22161
13486 22161
218 7711
218 23440
218 29125
7711 23440
7711 29125
23440 29125
9313 14771
9313 20416
9313 23475
14771 20416
14771 23475
20416 23475
8601 8912
12840 13318
8522 15283
8522 19785
15283 19785
26154 26395
13640 26274
2075 9418
2075 16961
9418 16961
22998 23006
22998 23345
22998 23378
23006 23345
23006 23378
23345 23378
3210 15243
3210 22911
15243 22911
18305 18467
3260 8389
3260 20822
8389 20822
29297 29881
150 302
94 13889
94 17853
94 26250
13889 17853
13889 26250
17853 26250
15809 15840
9611 11842
9611 21580
11842 21580
4280 4451
4282 4426
4768 7438
4768 19472
7438 19472
23153 23317
23153 23391
23317 23391
5273 10031
5273 16897
5273 20020
5273 26328
10031 16897
10031 20020
10031 26328
16897 20020
16897 26328
20020 26328
11821 11906
11821 12209
11906 12209
550 2434
745 6368
3715 7610
3715 25964
7610 25964
23129 23310
23129 23355
23310 23355
9162 16922
9162 25782
16922 25782
5835 6974
29127 29164
29127 29691
29164 29691
17458 17905
17458 18261
17458 18605
17458 18898
17905 18261
17905 18605
17905 18898
18261 18605
18261 18898
18605 18898
9033 24020
9033 24323
24020 24323
5912 6107
5912 6227
5912 6640
6107 6227
6107 6640
6227 6640
23704 25394
15483 24170
15483 26207
24170 26207
1102 1597
1102 6707
1102 13842
1102 24404
1102 28819
1597 6707
1597 13842
1597 24404
1597 28819
6707 13842
6707 24404
6707 28819
13842 24404
13842 28819
24404 28819
1653 1820
1360 13134
1360 22252
13134 22252
4041 6954
4041 11799
4041 18025
6954 11799
6954 18025
11799 18025
3569 6844
3569 7918
3569 16685
6844 7918
6844 16685
7918 16685
2712 13695
2712 19496
13695 19496
6617 12969
6617 18955
12969 18955
2245 8656
2245 13344
2245 22524
8656 13344
8656 22524
13344 22524
1943 7155
1943 16251
1943 17810
1943 28964
7155 16251
7155 17810
7155 28964
16251 17810
16251 28964
17810 28964
14611 15826
506 6926
506 13637
506 23075
506 28777
6926 13637
6926 23075
6926 28777
13637 23075
13637 28777
23075 28777
1055 11249
1055 13646
1055 21823
1055 24166
11249 13646
11249 21823
11249 24166
13646 21823
13646 24166
21823 24166
11667 11780
11667 21724
11667 23557
11667 29635
11780 21724
11780 23557
11780 29635
21724 23557
21724 29635
23557 29635
2793 7507
2793 7737
2793 26514
7507 7737
7507 26514
7737 26514
357 11908
357 18053
11908 18053
5350 5580
1450 7120
492 5800
492 13700
492 22732
5800 13700
5800 22732
13700 22732
3952 8225
3952 19241
3952 22912
3952 29156
8225 19241
8225 22912
8225 29156
19241 22912
19241 29156
22912 29156
9992 15541
9992 24328
15541 24328
4268 6393
4268 19567
6393 19567
16347 20648
16347 26912
20648 26912
1622 1683
10660 18248
898 15583
16145 16862
16145 22104
16862 22104
2165 6900
2165 15533
2165 19570
6900 15533
6900 19570
15533 19570
2239 8354
2239 15676
2239 19630
8354 15676
8354 19630
15676 19630
1970 6917
1970 14336
6917 14336
12492 12521
12492 19509
12521 19509
2121 11827
2121 21263
11827 21263
12324 27113
12324 28751
27113 28751
13234 20922
13234 25958
20922 25958
6660 25728
6660 29242
25728 29242
1640 11956
1640 17735
11956 17735
14147 18043
14147 24681
14147 28945
18043 24681
18043 28945
24681 28945
4112 7973
4112 12207
4112 22432
7973 12207
7973 22432
12207 22432
13979 16852
13979 16863
16852 16863
7232 13403
7232 17688
7232 25865
13403 17688
13403 25865
17688 25865
9322 15506
9322 20107
9322 27340
15506 20107
15506 27340
20107 27340
6350 13154
6350 22030
13154 22030
1508 5799
1508 14670
1508 19090
5799 14670
5799 19090
14670 19090
11158 12149
11158 21348
12149 21348
995 2115
8279 12699
8279 18368
12699 18368
2163 9284
2163 24259
9284 24259
815 1246
815 7004
815 20004
1246 7004
1246 20004
7004 20004
2436 7204
2436 14761
2436 18180
2436 18345
7204 14761
7204 18180
7204 18345
14761 18180
14761 18345
18180 18345
7896 14146
7896 19675
14146 19675
25488 26459
14270 20921
11754 12731
11754 15689
12731 15689
1721 2593
1721 4743
2593 4743
17400 17401
5665 14694
5665 20467
14694 20467
14828 21497
14828 26721
21497 26721
22914 23219
17555 17817
17555 18026
17817 18026
3832 12258
3832 21152
12258 21152
15394 19879
15394 26130
15394 28852
19879 26130
19879 28852
26130 28852
3502 8519
3502 16531
3502 20815
8519 16531
8519 20815
16531 20815
131 172
131 459
172 459
10560 11150
10560 13892
10560 21146
11150 13892
11150 21146
13892 21146
330 1743
90 200
90 410
200 410
4085 7007
4085 13837
7007 13837
2049 14519
2049 18663
14519 18663
22087 29310
1229 8799
12624 16204
12624 19940
16204 19940
11330 19873
11330 27631
19873 27631
18354 24096
18354 29854
24096 29854
4013 7533
4013 15142
4013 18788
7533 15142
7533 18788
15142 18788
17687 17797
17687 17999
17797 17999
8069 8889
8069 18729
8889 18729
6765 14753
6765 18531
14753 18531
10596 10632
6338 6699
6338 9251
6699 9251
17410 17557
17410 17896
17557 17896
14205 19621
5168 9266
5168 15494
5168 20243
9266 15494
9266 20243
15494 20243
14681 18754
14681 28135
14681 29248
18754 28135
18754 29248
28135 29248
17612 18528
17612 18950
17612 19257
18528 18950
18528 19257
18950 19257
6028 7427
16120 16857
1630 14996
1630 19757
1630 24691
1630 29750
14996 19757
14996 24691
14996 29750
19757 24691
19757 29750
24691 29750
145 1206
145 7623
145 19213
145 25738
145 29556
1206 7623
1206 19213
1206 25738
1206 29556
7623 19213
7623 25738
7623 29556
19213 25738
19213 29556
25738 29556
5741 5748
5741 6128
5741 6865
5741 7611
5748 6128
5748 6865
5748 7611
6128 6865
6128 7611
6865 7611
809 1241
809 8784
809 12791
1241 8784
1241 12791
8784 12791
1552 7407
1552 27842
1552 29647
7407 27842
7407 29647
27842 29647
13063 14943
13063 15659
14943 15659
9749 17972
9749 23151
17972 23151
28690 28865
7810 25443
7810 29358
25443 29358
1971 6714
1971 15813
1971 18706
6714 15813
6714 18706
15813 18706
4966 8595
4966 19760
8595 19760
26178 26244
13559 13796
23401 24363
847 9662
847 17985
9662 17985
22777 22820
22777 22961
22820 22961
11891 12082
11891 12392
12082 12392
3177 8503
3177 22475
3177 25731
3177 29073
8503 22475
8503 25731
8503 29073
22475 25731
22475 29073
25731 29073
8287 14177
8287 15667
14177 15667
4928 8971
4928 25436
8971 25436
288 13061
288 17792
13061 17792
9161 12500
9161 21829
12500 21829
24734 25047
24734 25529
25047 25529
10037 18129
10037 21176
18129 21176
3985 9368
3985 15487
3985 27175
9368 15487
9368 27175
15487 27175
22995 29599
1748 14275
1748 20686
14275 20686
22880 23762
29064 29288
29064 29471
29288 29471
5359 11586
3718 8166
3718 18849
3718 24887
8166 18849
8166 24887
18849 24887
4573 5992
4573 6281
4573 6614
5992 6281
5992 6614
6281 6614
3512 7629
3512 14668
3512 20438
3512 20994
7629 14668
7629 20438
7629 20994
14668 20438
14668 20994
20438 20994
2527 24842
2527 28715
24842 28715
10889 20910
10889 26283
20910 26283
25633 28454
22882 25114
4941 8839
4941 15547
4941 20055
8839 15547
8839 20055
15547 20055
6689 10983
6689 18498
10983 18498
636 5917
636 19798
5917 19798
2131 7618
2131 17224
7618 17224
2854 6410
2854 15137
6410 15137
7991 15140
7991 20120
15140 20120
17367 17384
1695 2581
1695 4844
1695 5271
1695 7506
1695 8268
2581 4844
2581 5271
2581 7506
2581 8268
4844 5271
4844 7506
4844 8268
5271 7506
5271 8268
7506 8268
5898 14533
5898 17958
14533 17958
12430 12517
12430 14658
12517 14658
24589 24687
24589 26268
24687 26268
7969 14434
7969 18746
14434 18746
23173 23320
23173 23335
23320 23335
663 731
12438 13354
3014 19857
4295 11804
4295 19692
4295 25336
11804 19692
11804 25336
19692 25336
17578 17806
7805 14914
7805 17849
14914 17849
5387 9510
5387 17091
9510 17091
17729 17770
17729 17996
17729 19141
17770 17996
17770 19141
17996 19141
2475 14088
2475 22549
2475 23292
14088 22549
14088 23292
22549 23292
5961 6288
5961 6514
6288 6514
16416 16762
11925 12886
11925 26386
11925 26849
12886 26386
12886 26849
26386 26849
2645 7131
2645 14018
2645 17648
7131 14018
7131 17648
14018 17648
2585 7871
14331 16764
14331 24858
16764 24858
13985 14078
321 8778
321 13425
8778 13425
23035 24041
23035 24315
24041 24315
233 819
233 3067
233 7323
819 3067
819 7323
3067 7323
215 6655
215 13957
6655 13957
2804 10007
2804 26511
10007 26511
14983 15154
1944 6941
1944 15731
1944 17637
6941 15731
6941 17637
15731 17637
16017 25511
24356 26263
776 5809
776 19103
5809 19103
3946 18109
3946 24811
18109 24811
7675 13237
7675 17696
13237 17696
6262 15385
6262 18260
15385 18260
18402 18621
9442 20908
9442 29423
20908 29423
2247 8345
2247 13288
8345 13288
12318 18502
12318 23831
18502 23831
3626 9147
3626 20892
9147 20892
4379 12709
4379 22566
12709 22566
11112 11369
11112 21945
11369 21945
10835 13846
10835 14341
10835 24801
13846 14341
13846 24801
14341 24801
5044 5858
5044 14219
5044 19455
5858 14219
5858 19455
14219 19455
3164 8192
3164 13928
8192 13928
23130 26183
23130 26241
26183 26241
17681 17998
17674 18983
2896 22663
5020 12336
5020 19260
5020 27710
5020 28884
12336 19260
12336 27710
12336 28884
19260 27710
19260 28884
27710 28884
6142 14593
6142 15001
6142 18392
14593 15001
14593 18392
15001 18392
5811 5823
5811 6659
5823 6659
13127 17559
13127 24178
17559 24178
11199 13589
14033 23996
14033 26010
23996 26010
888 6500
888 13806
888 17812
6500 13806
6500 17812
13806 17812
11713 11738
11713 12221
11738 12221
8809 13487
8809 17772
13487 17772
7897 16674
7897 19353
7897 25052
16674 19353
16674 25052
19353 25052
175 8975
175 17300
175 21204
8975 17300
8975 21204
17300 21204
17891 18250
17891 18600
18250 18600
6328 6696
6328 9260
6696 9260
27378 27575
27378 28288
27575 28288
9288 17943
9288 23982
17943 23982
4969 9698
4969 12378
4969 21469
9698 12378
9698 21469
12378 21469
2515 13687
2515 18136
13687 18136
1497 6325
1497 12837
1497 20420
6325 12837
6325 20420
12837 20420
4081 10721
4081 17284
4081 18777
10721 17284
10721 18777
17284 18777
2661 8154
2168 15753
2168 19972
15753 19972
3604 9270
3604 23653
9270 23653
7779 19264
7779 25610
19264 25610
2189 7078
2189 15536
2189 20555
7078 15536
7078 20555
15536 20555
11943 12882
11943 26394
11943 26857
12882 26394
12882 26857
26394 26857
8941 18968
6048 13642
6048 19474
6048 25808
13642 19474
13642 25808
19474 25808
19774 26353
4718 5226
2559 12081
2559 17634
2559 22884
12081 17634
12081 22884
17634 22884
17950 24865
20499 21611
1646 13339
1978 23514
1914 11065
1914 14430
11065 14430
1565 6720
1565 12446
1565 22433
6720 12446
6720 22433
12446 22433
1290 5934
1290 14547
1290 18334
5934 14547
5934 18334
14547 18334
221 824
221 1463
824 1463
13357 13955
13357 18444
13955 18444
3769 8204
3769 15162
3769 19359
8204 15162
8204 19359
15162 19359
1225 5872
1225 18703
1225 25749
5872 18703
5872 25749
18703 25749
12740 28894
12740 29853
28894 29853
11710 11727
11710 12013
11710 12337
11710 17382
11727 12013
11727 12337
11727 17382
12013 12337
12013 17382
12337 17382
6014 6224
6014 6526
6224 6526
13989 16043
13989 16932
13989 22109
16043 16932
16043 22109
16932 22109
17406 17780
17406 18213
17406 18270
17406 18902
17780 18213
17780 18270
17780 18902
18213 18270
18213 18902
18270 18902
14030 14121
14030 14676
14121 14676
7913 15409
7913 19155
7913 23940
15409 19155
15409 23940
19155 23940
15644 16407
15644 17931
15644 19031
16407 17931
16407 19031
17931 19031
17374 17387
1979 7012
1979 17947
7012 17947
16749 23649
16649 23047
16649 24399
23047 24399
6064 12866
6064 17904
12866 17904
28746 28837
6455 12248
6455 18094
12248 18094
2851 6053
2851 12205
2851 17819
6053 12205
6053 17819
12205 17819
7099 13790
7099 17833
7099 24366
7099 28734
13790 17833
13790 24366
13790 28734
17833 24366
17833 28734
24366 28734
20352 20439
17252 20131
4416 13347
4416 22530
13347 22530
6947 15791
6947 17640
6947 25166
6947 29678
15791 17640
15791 25166
15791 29678
17640 25166
17640 29678
25166 29678
1195 12867
1195 22320
12867 22320
162 246
162 1160
246 1160
1295 8197
1295 17189
1295 19865
8197 17189
8197 19865
17189 19865
4812 8255
4812 27038
8255 27038
6530 9921
8626 19766
8626 25557
19766 25557
455 6411
455 17550
455 23048
455 29082
6411 17550
6411 23048
6411 29082
17550 23048
17550 29082
23048 29082
5827 6429
5827 11085
6429 11085
6638 7202
762 9252
762 12513
762 21453
9252 12513
9252 21453
12513 21453
1377 7339
1377 18117
1377 24869
1377 28923
7339 18117
7339 24869
7339 28923
18117 24869
18117 28923
24869 28923
1861 3077
1861 3264
3077 3264
15564 18453
15564 29351
18453 29351
5294 9157
5294 27810
9157 27810
1041 6178
1041 7549
1041 12736
1041 22138
6178 7549
6178 12736
6178 22138
7549 12736
7549 22138
12736 22138
4274 7466
4274 12367
7466 12367
1302 5883
1302 17789
1302 28300
5883 17789
5883 28300
17789 28300
15071 26359
10449 24931
25314 29330
10727 11352
10727 18511
11352 18511
45 594
45 5751
45 5836
45 6442
594 5751
594 5836
594 6442
5751 5836
5751 6442
5836 6442
6650 12163
6650 19001
12163 19001
1689 5851
1689 14790
1689 18685
5851 14790
5851 18685
14790 18685
1163 22590
8513 11140
8513 14852
11140 14852
9459 15189
2271 7206
2271 19345
2271 25414
7206 19345
7206 25414
19345 25414
586 7277
586 20561
7277 20561
5590 9327
5590 9699
9327 9699
7103 19070
7103 23147
19070 23147
11905 11915
11905 26381
11905 26844
11915 26381
11915 26844
26381 26844
6641 7486
5939 6110
25761 26888
1326 7020
1326 14389
1326 18620
1326 29751
7020 14389
7020 18620
7020 29751
14389 18620
14389 29751
18620 29751
11067 16049
11067 20125
16049 20125
22929 23500
22929 29516
23500 29516
20625 20650
10222 16596
10222 19317
16596 19317
1896 6203
1896 13377
1896 18977
1896 24160
6203 13377
6203 18977
6203 24160
13377 18977
13377 24160
18977 24160
6913 15313
6913 18943
15313 18943
2709 27635
2709 27693
27635 27693
17450 17900
17450 18256
17450 18602
17450 18899
17900 18256
17900 18602
17900 18899
18256 18602
18256 18899
18602 18899
23110 23677
23110 23775
23677 23775
952 9282
952 18230
9282 18230
23820 23821
6067 8327
6067 21284
8327 21284
22901 23013
22962 23234
11530 12138
11530 21345
12138 21345
28750 29165
261 7607
261 15339
261 18131
7607 15339
7607 18131
15339 18131
43 110
43 324
43 5762
43 6150
43 11724
43 11731
43 17428
43 18925
110 324
110 5762
110 6150
110 11724
110 11731
110 17428
110 18925
324 5762
324 6150
324 11724
324 11731
324 17428
324 18925
5762 6150
5762 11724
5762 11731
5762 17428
5762 18925
6150 11724
6150 11731
6150 17428
6150 18925
11724 11731
11724 17428
11724 18925
11731 17428
11731 18925
17428 18925
5812 12370
5812 22612
12370 22612
13464 17710
13464 23363
17710 23363
778 13369
778 18337
13369 18337
17695 17803
17695 18009
17803 18009
11837 13294
11837 14634
13294 14634
11726 11730
11726 17420
11726 17591
11730 17420
11730 17591
17420 17591
22774 22803
4667 8819
4667 16849
8819 16849
4276 11775
4276 21722
11775 21722
6310 8978
6310 16249
6310 17466
8978 16249
8978 17466
16249 17466
18124 18438
2275 6333
2275 21475
6333 21475
484 1880
484 7224
484 13449
1880 7224
1880 13449
7224 13449
14091 18845
6252 6808
6252 9152
6808 9152
24755 25144
24755 25532
25144 25532
1812 12390
1812 19419
12390 19419
863 7962
863 12250
7962 12250
6507 14857
6507 20354
14857 20354
9037 20179
9037 27178
20179 27178
8728 15464
8728 24936
15464 24936
2413 7856
2413 14895
7856 14895
230 244
230 1101
244 1101
22891 24482
22891 26149
24482 26149
15915 16887
15910 16884
14269 14963
14269 15155
14963 15155
14037 14156
14037 14691
14156 14691
435 6384
435 13969
435 17528
435 23037
435 29074
6384 13969
6384 17528
6384 23037
6384 29074
13969 17528
13969 23037
13969 29074
17528 23037
17528 29074
23037 29074
1833 16029
18633 21909
4216 13667
4216 20509
13667 20509
5019 6778
5019 14925
6778 14925
5871 11740
5871 14862
5871 21501
11740 14862
11740 21501
14862 21501
11395 16260
11395 26053
16260 26053
12546 20372
12546 29413
20372 29413
24047 24305
12652 18301
12652 29251
18301 29251
1285 6021
1285 28160
6021 28160
3458 13056
3458 21074
3458 29629
13056 21074
13056 29629
21074 29629
10008 13095
10008 18057
10008 26325
13095 18057
13095 26325
18057 26325
29041 29426
684 13608
535 13611
535 21797
13611 21797
225 11340
225 12404
225 18381
11340 12404
11340 18381
12404 18381
26952 28921
26952 29857
28921 29857
17831 18175
17831 18239
17831 18908
18175 18239
18175 18908
18239 18908
23291 23300
23291 23367
23300 23367
17568 18520
17568 19259
18520 19259
3733 10648
6581 18951
6581 23009
18951 23009
1927 9096
1927 16044
1927 21646
9096 16044
9096 21646
16044 21646
24692 27658
3182 10041
3182 16435
10041 16435
10605 12443
10605 28351
12443 28351
6915 13839
6915 18275
13839 18275
16716 27664
7699 20642
23964 24348
23316 23452
23316 25531
23452 25531
1133 2297
1133 8988
1133 15942
1133 22108
1133 29262
2297 8988
2297 15942
2297 22108
2297 29262
8988 15942
8988 22108
8988 29262
15942 22108
15942 29262
22108 29262
16425 20045
1132 7800
1132 16353
1132 22117
7800 16353
7800 22117
16353 22117
16463 20394
7887 15986
4860 6375
4860 12839
4860 22310
6375 12839
6375 22310
12839 22310
6613 15653
6613 18571
15653 18571
3975 10036
3975 16335
10036 16335
1594 8168
1594 18594
8168 18594
3196 15926
3196 18998
15926 18998
19876 29332
11853 11962
11995 12070
11995 12496
12070 12496
6023 15208
6023 18396
6023 26060
15208 18396
15208 26060
18396 26060
10541 11143
10541 21336
11143 21336
17402 17842
17402 18210
17402 18266
17402 18905
17842 18210
17842 18266
17842 18905
18210 18266
18210 18905
18266 18905
8985 11844
8985 20906
11844 20906
2036 12894
2036 22594
12894 22594
12843 13530
12843 13819
13530 13819
2463 15343
2463 23917
15343 23917
7196 12332
7196 18439
7196 29057
12332 18439
12332 29057
18439 29057
434 6254
434 12896
6254 12896
825 7781
825 13813
825 18675
7781 13813
7781 18675
13813 18675
15497 22973
15497 24192
22973 24192
1697 9280
1697 14111
1697 18942
1697 28015
9280 14111
9280 18942
9280 28015
14111 18942
14111 28015
18942 28015
17699 18947
17699 19252
18947 19252
17668 17783
17668 17941
17783 17941
5936 6241
5936 6308
5936 6630
5936 7649
6241 6308
6241 6630
6241 7649
6308 6630
6308 7649
6630 7649
2635 7036
2635 19266
7036 19266
2578 7820
2578 14120
2578 17747
7820 14120
7820 17747
14120 17747
5663 9617
5663 16382
9617 16382
7181 13167
7181 18639
13167 18639
24739 25097
24739 26510
25097 26510
7268 13514
7268 21419
13514 21419
1851 3097
1851 3271
3097 3271
5975 6589
12094 19249
12094 25477
19249 25477
3721 9917
3405 7982
3405 14512
3405 17488
7982 14512
7982 17488
14512 17488
12653 13494
12564 13148
12564 21292
13148 21292
1425 8271
1425 18127
8271 18127
2888 15403
2888 18741
15403 18741
7456 17491
7456 24427
7456 28797
17491 24427
17491 28797
24427 28797
13164 23326
13164 29438
23326 29438
2608 22120
2608 26443
22120 26443
3033 8829
2367 13453
2367 19111
13453 19111
2907 8972
2907 14923
2907 18398
8972 14923
8972 18398
14923 18398
7981 14581
7981 19471
14581 19471
2435 12054
2435 19404
2435 23878
2435 29591
12054 19404
12054 23878
12054 29591
19404 23878
19404 29591
23878 29591
505 5545
505 22698
5545 22698
2017 9276
2017 11998
2017 23863
2017 29518
9276 11998
9276 23863
9276 29518
11998 23863
11998 29518
23863 29518
637 25225
637 26627
25225 26627
14570 16588
7589 14818
7589 20031
14818 20031
5530 17004
27380 27569
27380 28304
27569 28304
24769 24993
24769 26155
24993 26155
22963 24357
22963 29682
24357 29682
12834 22761
12834 25399
22761 25399
29005 29223
10254 13944
14318 26253
14318 26615
26253 26615
13807 15197
5536 5859
5536 22010
5859 22010
17700 17807
17700 18017
17807 18017
22858 23053
22858 28847
22858 29113
22858 29145
23053 28847
23053 29113
23053 29145
28847 29113
28847 29145
29113 29145
282 12734
282 19220
282 23670
282 29946
12734 19220
12734 23670
12734 29946
19220 23670
19220 29946
23670 29946
29166 29380
8913 14413
8913 19315
14413 19315
6335 14826
6335 21495
14826 21495
9457 19427
23208 24819
6367 11826
6367 21091
11826 21091
27719 28408
443 5955
443 11997
5955 11997
5358 14325
5358 21347
14325 21347
13352 13383
13352 15062
13383 15062
29118 29150
29118 29230
29150 29230
7911 16009
7911 24051
16009 24051
122 164
122 467
164 467
8777 14595
8777 18235
14595 18235
24776 25128
24776 26139
25128 26139
10271 17881
10271 18379
17881 18379
1806 10784
1806 28172
10784 28172
13186 21092
13186 22930
21092 22930
1736 8401
1736 25975
8401 25975
14021 14102
14021 14674
14102 14674
2696 6406
2696 14574
6406 14574
5814 5918
5814 6755
5918 6755
1702 2586
3980 5909
3980 15534
3980 18336
3980 24412
5909 15534
5909 18336
5909 24412
15534 18336
15534 24412
18336 24412
1643 5833
1643 12074
1643 18067
1643 23438
5833 12074
5833 18067
5833 23438
12074 18067
12074 23438
18067 23438
1005 15556
1005 19586
1005 26005
15556 19586
15556 26005
19586 26005
1984 7401
1984 15234
1984 23284
7401 15234
7401 23284
15234 23284
213 7122
213 15089
213 19046
7122 15089
7122 19046
15089 19046
5977 14214
5977 18366
14214 18366
17620 18194
17620 19732
18194 19732
3143 22623
6461 12168
6461 22576
12168 22576
11717 11718
11717 11728
11718 11728
12166 12227
12166 15810
12227 15810
12012 16143
13327 13938
13327 16037
13938 16037
27383 27564
27383 28220
27564 28220
6331 7185
6331 14464
6331 19015
7185 14464
7185 19015
14464 19015
24229 24904
24229 25165
24229 26086
24904 25165
24904 26086
25165 26086
3641 5269
3641 10182
5269 10182
454 5861
454 12995
5861 12995
28779 28869
25440 27741
25440 27819
27741 27819
2807 3002
9653 9820
1611 14218
1611 17924
14218 17924
13143 13614
13143 14906
13614 14906
7528 8555
2169 6966
2169 15535
2169 20549
2169 25258
6966 15535
6966 20549
6966 25258
15535 20549
15535 25258
20549 25258
387 7434
387 22115
7434 22115
21254 21326
3184 12710
3184 21054
12710 21054
3613 9705
3613 12737
3613 22139
9705 12737
9705 22139
12737 22139
7775 7951
7793 7938
7766 7955
8402 12552
8402 19231
8402 25365
12552 19231
12552 25365
19231 25365
573 10392
573 14522
573 17511
10392 14522
10392 17511
14522 17511
3624 7868
3624 12073
3624 20936
7868 12073
7868 20936
12073 20936
917 6751
917 19516
6751 19516
19336 19464
19322 19459
17897 17967
17897 18472
17897 19237
17967 18472
17967 19237
18472 19237
1336 13100
1336 22247
13100 22247
834 1589
834 6805
834 11769
834 25577
1589 6805
1589 11769
1589 25577
6805 11769
6805 25577
11769 25577
2737 3111
2737 6684
2737 15038
2737 20712
2737 24978
3111 6684
3111 15038
3111 20712
3111 24978
6684 15038
6684 20712
6684 24978
15038 20712
15038 24978
20712 24978
3504 15468
3504 19638
3504 27065
15468 19638
15468 27065
19638 27065
3567 16517
3567 19618
16517 19618
6611 17116
6611 19375
17116 19375
23107 23279
23107 23403
23279 23403
7592 13672
3460 7101
3460 18509
7101 18509
6234 6819
6234 9298
6819 9298
1397 12061
1397 22404
12061 22404
5820 6191
5820 6344
6191 6344
4446 11226
4446 16341
4446 20214
4446 26151
11226 16341
11226 20214
11226 26151
16341 20214
16341 26151
20214 26151
12824 13325
12228 22127
940 6841
940 13845
940 23069
6841 13845
6841 23069
13845 23069
11390 12154
11390 17479
12154 17479
14479 23125
14479 26555
23125 26555
4030 6928
4030 15158
6928 15158
6392 14431
6392 19000
14431 19000
5295 15680
5295 20040
15680 20040
12944 17993
12944 24741
17993 24741
66 934
66 1919
934 1919
2068 12565
2068 17728
12565 17728
2072 12528
2072 17732
12528 17732
13884 22504
13884 22686
22504 22686
1598 6197
2783 6279
2783 19020
6279 19020
27375 27587
27375 28280
27587 28280
3273 18778
3273 29836
18778 29836
5935 6033
747 6438
2735 6653
2735 15694
2735 24941
6653 15694
6653 24941
15694 24941
9928 20293
4344 6624
4344 14252
4344 18160
6624 14252
6624 18160
14252 18160
739 11201
739 16614
739 20933
11201 16614
11201 20933
16614 20933
799 19210
4380 8544
4380 15762
8544 15762
6692 17752
6692 25498
17752 25498
17854 18470
17854 19242
18470 19242
1487 9268
1487 12274
9268 12274
500 12233
500 17790
12233 17790
12751 21579
12751 22152
21579 22152
3190 10084
3190 25238
10084 25238
667 11880
667 20637
11880 20637
11716 11721
11716 12522
11716 14665
11716 17415
11716 17589
11716 18967
11721 12522
11721 14665
11721 17415
11721 17589
11721 18967
12522 14665
12522 17415
12522 17589
12522 18967
14665 17415
14665 17589
14665 18967
17415 17589
17415 18967
17589 18967
9319 13773
9319 19554
13773 19554
523 7057
523 17423
7057 17423
75 2307
75 5766
75 5774
75 6566
75 7782
2307 5766
2307 5774
2307 6566
2307 7782
5766 5774
5766 6566
5766 7782
5774 6566
5774 7782
6566 7782
4069 20721
4069 27122
20721 27122
5880 12633
5880 18812
5880 23495
12633 18812
12633 23495
18812 23495
9506 9514
9293 29927
5062 15696
5062 19652
15696 19652
9708 11747
9708 14864
9708 18100
11747 14864
11747 18100
14864 18100
256 6983
256 12948
6983 12948
23929 29475
1928 15725
1928 19749
15725 19749
2433 8102
2433 16217
8102 16217
5373 10186
5373 11847
5373 14899
5373 21197
10186 11847
10186 14899
10186 21197
11847 14899
11847 21197
14899 21197
6299 9263
6299 21340
9263 21340
262 6987
262 12949
262 18720
262 24517
262 28943
6987 12949
6987 18720
6987 24517
6987 28943
12949 18720
12949 24517
12949 28943
18720 24517
18720 28943
24517 28943
7076 13160
7076 21930
13160 21930
12798 22271
12798 25522
22271 25522
12161 12348
543 6012
543 12357
543 17847
6012 12357
6012 17847
12357 17847
13109 21989
13109 24408
21989 24408
15135 19243
5743 5831
5743 6432
5743 11725
5743 12305
5743 13448
5743 17383
5743 18241
5831 6432
5831 11725
5831 12305
5831 13448
5831 17383
5831 18241
6432 11725
6432 12305
6432 13448
6432 17383
6432 18241
11725 12305
11725 13448
11725 17383
11725 18241
12305 13448
12305 17383
12305 18241
13448 17383
13448 18241
17383 18241
3070 6189
3070 19304
6189 19304
429 1875
429 10811
429 12019
429 18797
1875 10811
1875 12019
1875 18797
10811 12019
10811 18797
12019 18797
3570 6131
3570 12714
3570 23311
6131 12714
6131 23311
12714 23311
6126 19175
6126 25054
19175 25054
11878 12092
11878 12396
12092 12396
12186 14977
4518 8059
4518 18179
8059 18179
12144 12444
12144 24818
12444 24818
25212 28222
374 1873
374 7184
374 12579
374 18383
374 26358
374 29086
1873 7184
1873 12579
1873 18383
1873 26358
1873 29086
7184 12579
7184 18383
7184 26358
7184 29086
12579 18383
12579 26358
12579 29086
18383 26358
18383 29086
26358 29086
970 12043
970 22082
12043 22082
6925 14530
3119 6466
3119 23943
6466 23943
1154 6914
1154 19360
1154 20175
6914 19360
6914 20175
19360 20175
1424 17180
1424 24031
17180 24031
3439 15160
3439 26056
3439 29187
15160 26056
15160 29187
26056 29187
6934 15671
6934 18614
6934 23879
6934 29832
15671 18614
15671 23879
15671 29832
18614 23879
18614 29832
23879 29832
301 6301
301 25526
301 29482
6301 25526
6301 29482
25526 29482
308 548
308 3072
548 3072
5819 6269
5819 9269
6269 9269
3792 12172
3792 18875
3792 24976
12172 18875
12172 24976
18875 24976
23046 23251
14789 23071
14789 23272
14789 23413
14789 24105
23071 23272
23071 23413
23071 24105
23272 23413
23272 24105
23413 24105
171 254
171 1268
254 1268
3450 7111
3450 15962
3450 18760
7111 15962
7111 18760
15962 18760
10743 13932
10743 22243
13932 22243
7299 23133
7299 29741
23133 29741
3516 7332
3516 19403
7332 19403
2013 7274
2013 15953
2013 19063
2013 25296
7274 15953
7274 19063
7274 25296
15953 19063
15953 25296
19063 25296
2120 8161
2120 13555
2120 20064
8161 13555
8161 20064
13555 20064
2508 9094
2508 13833
2508 26143
2508 29976
9094 13833
9094 26143
9094 29976
13833 26143
13833 29976
26143 29976
1208 8000
1208 15983
8000 15983
28801 28931
12146 17689
12146 23979
12146 28766
17689 23979
17689 28766
23979 28766
2184 8229
2184 14865
8229 14865
16702 28285
7058 12868
7058 22022
7058 24090
12868 22022
12868 24090
22022 24090
2806 7473
2806 11993
2806 22098
2806 23727
7473 11993
7473 22098
7473 23727
11993 22098
11993 23727
22098 23727
3168 8206
3168 15642
8206 15642
3159 10476
3159 26162
10476 26162
2640 7211
2640 12646
2640 29359
7211 12646
7211 29359
12646 29359
6360 14735
6360 18286
14735 18286
9981 12296
9981 20757
12296 20757
229 6151
229 14087
6151 14087
1018 5829
1018 6204
1018 6313
1018 6348
5829 6204
5829 6313
5829 6348
6204 6313
6204 6348
6313 6348
8714 14082
8714 22256
14082 22256
5738 21013
9043 12529
9043 21851
9043 24183
12529 21851
12529 24183
21851 24183
2319 8603
2319 16895
2319 20562
2319 29022
8603 16895
8603 20562
8603 29022
16895 20562
16895 29022
20562 29022
6176 13658
6176 22287
13658 22287
987 2078
23186 23268
23186 24562
23268 24562
692 7337
692 15314
692 17915
7337 15314
7337 17915
15314 17915
2070 7174
2070 15991
7174 15991
15003 15949
2302 16398
2302 19088
16398 19088
2108 9053
2108 19855
9053 19855
2814 9366
2814 19975
2814 26463
9366 19975
9366 26463
19975 26463
1276 14463
1276 18770
14463 18770
23694 24921
23694 25960
24921 25960
10493 11093
10493 16116
10493 18040
11093 16116
11093 18040
16116 18040
6571 14029
6571 19288
14029 19288
255 6121
255 22344
6121 22344
23062 23257
23062 23421
23257 23421
12159 14616
12159 16048
14616 16048
1635 9155
1635 19779
1635 24343
1635 29601
9155 19779
9155 24343
9155 29601
19779 24343
19779 29601
24343 29601
915 6547
915 13880
915 17856
6547 13880
6547 17856
13880 17856
472 9643
472 11801
472 21827
9643 11801
9643 21827
11801 21827
840 9666
840 17740
9666 17740
9580 10125
11875 14356
23572 24849
2688 6353
2688 28152
6353 28152
1619 9239
1619 27989
9239 27989
29049 29285
29049 29898
29285 29898
617 2465
3310 11648
3310 16011
11648 16011
558 3074
571 6497
571 18104
6497 18104
17435 17884
17435 18225
17435 18900
17884 18225
17884 18900
18225 18900
2478 6541
2478 13465
2478 19153
6541 13465
6541 19153
13465 19153
11961 12873
11961 14583
12873 14583
1475 6739
1475 16018
6739 16018
23568 23906
20761 25574
20761 25669
25574 25669
6349 6702
6349 9229
6702 9229
13443 16189
13443 25702
16189 25702
6878 7957
6878 16050
6878 19960
7957 16050
7957 19960
16050 19960
2871 22924
23322 25869
23322 26272
25869 26272
4590 6293
4590 18560
6293 18560
319 10016
2379 7728
2379 11857
2379 21049
7728 11857
7728 21049
11857 21049
23098 23274
23098 23415
23274 23415
849 14041
849 29287
14041 29287
3312 14209
3312 19998
14209 19998
2636 7039
2636 19268
2636 28025
7039 19268
7039 28025
19268 28025
1196 14162
1196 17658
14162 17658
6463 25192
6463 29955
25192 29955
140 298
140 20356
298 20356
5330 16960
5330 17139
5330 23708
16960 17139
16960 23708
17139 23708
147 14433
147 18304
14433 18304
22942 23750
22942 25544
23750 25544
4365 5907
4365 20268
4365 24449
5907 20268
5907 24449
20268 24449
26433 27453
17642 17843
169 5889
169 14143
5889 14143
11734 11874
18613 24272
18613 25752
24272 25752
18724 25586
18724 29038
25586 29038
452 6405
452 17545
452 23044
452 29078
6405 17545
6405 23044
6405 29078
17545 23044
17545 29078
23044 29078
11015 13016
11015 20960
13016 20960
22916 23507
22916 24265
23507 24265
9433 11984
9433 21425
11984 21425
14437 15011
14437 23725
15011 23725
639 5999
639 13722
639 18673
5999 13722
5999 18673
13722 18673
24621 24701
599 9734
599 25982
9734 25982
3580 13097
3580 19911
13097 19911
5348 5573
26404 26720
26404 26889
26720 26889
6457 14489
6457 19030
14489 19030
5529 17142
5529 20772
5529 27126
17142 20772
17142 27126
20772 27126
5187 19736
5187 25708
19736 25708
3479 7677
3479 13091
3479 17690
7677 13091
7677 17690
13091 17690
6383 14188
6383 19424
14188 19424
6790 7287
4267 11673
4267 14243
11673 14243
13913 18636
13913 23135
13913 28951
18636 23135
18636 28951
23135 28951
5988 6082
5988 6510
6082 6510
1495 6658
1495 12684
1495 19048
6658 12684
6658 19048
12684 19048
6233 6321
6233 6636
6233 7653
6321 6636
6321 7653
6636 7653
13070 13747
13070 14939
13070 15655
13747 14939
13747 15655
14939 15655
3521 16186
2188 6669
2188 16290
2188 18506
2188 26999
6669 16290
6669 18506
6669 26999
16290 18506
16290 26999
18506 26999
9633 17627
9633 18207
17627 18207
2240 8838
2240 15227
2240 20327
2240 23434
8838 15227
8838 20327
8838 23434
15227 20327
15227 23434
20327 23434
4008 5945
4008 14705
5945 14705
1793 8471
1793 26115
8471 26115
24789 25140
24789 26128
25140 26128
1038 12140
1038 18897
12140 18897
4975 11071
4975 17265
4975 19886
11071 17265
11071 19886
17265 19886
4035 16136
4035 18257
16136 18257
14225 17766
14225 17989
14225 19140
17766 17989
17766 19140
17989 19140
19319 19457
10073 11585
5130 11605
1627 8567
4449 16497
4449 19763
16497 19763
20141 21701
2794 8368
2794 16520
2794 20075
8368 16520
8368 20075
16520 20075
27519 27672
27519 28365
27672 28365
23264 24845
23264 26574
24845 26574
23008 23742
17738 18468
17738 19246
18468 19246
11312 11606
11312 17907
11312 18499
11606 17907
11606 18499
17907 18499
17477 18280
17477 18879
18280 18879
2353 8027
2353 20173
8027 20173
1313 1479
1313 2795
1479 2795
8412 12743
8412 19262
12743 19262
6066 13408
6066 17440
13408 17440
5302 11951
5302 18510
11951 18510
2384 7975
2384 13841
7975 13841
1564 7344
1564 14105
1564 27752
1564 29594
7344 14105
7344 27752
7344 29594
14105 27752
14105 29594
27752 29594
1399 8444
1399 15887
1399 20007
8444 15887
8444 20007
15887 20007
14618 22939
14618 28771
22939 28771
6194 13771
6194 18591
13771 18591
12951 19889
12951 25307
19889 25307
6125 6787
8337 13512
8337 21417
13512 21417
6072 13513
6072 21517
6072 25551
13513 21517
13513 25551
21517 25551
10484 11624
10484 21804
11624 21804
5003 8699
5003 15781
5003 19852
8699 15781
8699 19852
15781 19852
12263 12428
12263 14655
12263 17748
12428 14655
12428 17748
14655 17748
2267 7083
2267 15666
2267 18832
2267 25424
7083 15666
7083 18832
7083 25424
15666 18832
15666 25424
18832 25424
6054 17432
6054 22810
17432 22810
4135 7236
4135 12531
7236 12531
3269 15650
3269 20018
3269 28053
15650 20018
15650 28053
20018 28053
22827 23019
22827 25396
23019 25396
8415 15337
8415 18088
8415 24447
15337 18088
15337 24447
18088 24447
14987 24751
14987 29316
24751 29316
18298 18946
6213 9307
1270 1866
1270 7783
1270 15851
1270 19421
1866 7783
1866 15851
1866 19421
7783 15851
7783 19421
15851 19421
2903 12547
2903 20374
2903 24779
12547 20374
12547 24779
20374 24779
191 419
191 461
419 461
796 893
2936 7624
2936 15161
2936 19149
7624 15161
7624 19149
15161 19149
6174 6218
3257 8562
3257 16915
3257 19597
8562 16915
8562 19597
16915 19597
14044 14166
14044 14678
14166 14678
7806 8075
7806 14322
8075 14322
2995 3728
2995 22906
3728 22906
833 1659
833 1817
1659 1817
22968 24570
2555 9051
13573 14345
14897 18259
14897 26118
14897 29335
18259 26118
18259 29335
26118 29335
8370 19733
23528 29099
1855 6055
1855 14795
1855 18674
6055 14795
6055 18674
14795 18674
11194 17045
11194 24571
11194 29588
17045 24571
17045 29588
24571 29588
7238 8157
537 11936
537 24567
11936 24567
533 1308
4523 14684
4523 19065
4523 25800
14684 19065
14684 25800
19065 25800
5906 6654
5906 10802
6654 10802
7459 8834
7459 29344
8834 29344
208 831
208 1460
831 1460
5783 6261
8127 16534
8127 26954
16534 26954
12107 16640
11964 14067
13982 14072
24760 25395
24760 25537
25395 25537
5207 6796
5207 15031
5207 20801
5207 20858
6796 15031
6796 20801
6796 20858
15031 20801
15031 20858
20801 20858
181 11318
181 13522
181 19607
181 24694
11318 13522
11318 19607
11318 24694
13522 19607
13522 24694
19607 24694
17652 17910
16390 24699
16390 25509
24699 25509
2546 3901
13900 14774
3071 7676
3071 14930
7676 14930
27446 27606
3628 21272
11657 17181
11657 17995
17181 17995
10994 19990
10994 27171
19990 27171
15575 19686
15575 25811
19686 25811
11309 13553
11309 21535
13553 21535
2545 7922
2545 15065
7922 15065
29357 29355
29357 28849
29355 28849
28292 4167
28292 26594
4167 26594
13832 15386
19593 20261
14838 21868
14838 694
21868 694
19721 4971
25051 29278
3359 27061
13075 1052
12853 13786
28017 27746
28017 27419
27746 27419
23021 23555
24630 23555
3724 14814
28208 28182
28208 2397
28182 2397
6038 18106
6038 22237
18106 22237
15354 3967
15354 13474
3967 13474
14613 16191
4429 10446
14615 16177
18302 21980
13926 13126
17685 3802
6746 27832
6746 20652
27832 20652
25951 4162
13007 5854
13007 5862
5854 5862
28667 21575
28667 1329
28667 29687
28667 9984
21575 1329
21575 29687
21575 9984
1329 29687
1329 9984
29687 9984
13843 12152
26349 14459
2211 10012
14732 16438
10273 7558
10273 5022
7558 5022
11812 21562
22834 8924
27039 28710
27039 29824
28710 29824
23102 4200
23102 24700
23102 16565
23102 18623
23102 11989
23102 8620
4200 24700
4200 16565
4200 18623
4200 11989
4200 8620
24700 16565
24700 18623
24700 11989
24700 8620
16565 18623
16565 11989
16565 8620
18623 11989
18623 8620
11989 8620
12254 11911
20900 6944
20900 7298
6944 7298
28698 16720
627 12211
12115 10528
2425 26220
2425 4614
2425 30
26220 4614
26220 30
4614 30
26816 183
23947 16396
24050 15126
17653 6229
25098 14202
25098 11819
14202 11819
3223 17711
1240 5755
16611 14736
16611 7831
16611 13289
14736 7831
14736 13289
7831 13289
15921 16085
12606 13508
14861 11861
14861 123
6909 2472
11861 123
1674 232
26581 29809
6202 1996
6202 21917
1996 21917
937 942
937 16966
942 16966
27591 13652
19297 6192
19297 203
19297 14636
6192 203
6192 14636
203 9905
203 14636
19209 4629
19209 2246
4629 2246
4368 4383
9437 22758
9437 9953
22758 9953
11693 17519
24016 4319
5183 184
5183 11427
5183 17678
184 11427
184 17678
11427 17678
9914 4759
12685 6168
12685 3089
6168 3089
12721 12134
16264 16266
7471 24704
11815 8105
11815 29639
9255 27386
9255 24972
27386 24972
10827 24454
10827 1906
24454 1906
28856 21061
28856 25005
21061 25005
17461 6471
7561 9665
17569 20014
4793 4211
4793 5379
4211 5379
13586 11828
13788 13647
27289 27293
27289 26670
27293 26670
14797 13905
15619 1761
28902 29140
2897 479
17837 7355
10069 7140
14444 5200
14444 28823
5200 28823
18282 1770
17478 22322
17478 19355
17478 18380
22322 19355
22322 18380
19355 18380
23119 19875
24624 7400
7546 7990
7546 5507
7990 5507
6097 25352
23141 5976
23141 6070
5976 6070
14550 19488
3489 17682
3489 17464
17682 17464
14089 14080
14089 14028
14089 14061
14080 14028
14080 14061
14028 14061
26499 26496
24683 28554
18058 15362
18058 17022
15362 17022
24011 17595
12821 14721
19573 10249
19573 27357
19573 12268
10249 27357
10249 12268
27357 12268
19826 16302
19826 15971
16302 15971
13947 29188
3496 8547
3496 7475
8547 7475
5983 19555
16059 9353
7422 22806
29508 3083
24950 202
9609 2962
24414 13703
24414 14756
13703 14756
22812 22788
10901 3770
27720 40
17086 22909
5786 8999
5381 4838
5381 5383
4838 5383
1894 1532
28761 6676
21456 27104
21456 20358
27104 20358
14011 11554
17892 4232
7479 7769
7479 7226
7769 7226
20044 12852
1850 8601
13645 13640
27798 26760
27798 29709
26760 29709
29499 2075
8491 18305
29297 28983
22419 150
20465 15809
4280 4282
550 9348
745 15209
5835 623
5835 661
623 661
28094 16447
25579 23704
21151 11339
21151 11051
11339 11051
1653 2558
14974 14611
7834 5350
29275 1450
1622 10660
13234 6660
1640 23226
17761 18151
17761 29533
18151 29533
24152 13979
995 22296
995 21477
22296 21477
21344 25488
14270 21065
11754 1721
11754 17400
11754 12460
1721 17400
1721 12460
17400 12460
5332 22914
10018 330
29480 15416
29480 1614
15416 1614
22087 1229
27632 10596
14205 11034
3789 6028
5741 21130
28690 23842
12759 13559
23401 12823
6490 22880
26794 5359
26504 25633
26069 9407
26069 9412
9407 9412
10076 6185
10076 29043
10076 3775
6185 29043
6185 3775
29043 3775
5208 2743
5208 4123
2743 4123
15654 17216
15654 673
17216 673
19913 17367
15649 9866
15649 3707
9866 3707
13027 11615
13027 663
11615 663
12438 3014
87 407
87 121
407 121
17578 27085
5649 16416
22795 13985
13895 11301
13895 14824
11301 14824
233 6444
28773 14983
16017 648
16017 17404
648 17404
24356 7881
18402 24722
6741 16712
6741 7061
16712 7061
8556 487
18083 17681
18083 18975
18083 17997
18083 18971
18083 17674
17681 18975
17681 17997
17681 18971
17681 17674
18975 17997
18975 18971
18975 17674
17997 18971
17997 17674
18971 17674
7014 2896
11199 28040
27758 29465
27758 22695
27758 27754
29465 22695
29465 27754
22695 27754
25932 4081
2661 13886
22430 19774
8094 4718
2559 17950
20499 17018
17406 23959
17374 52
16749 16649
28746 21935
20676 17252
11771 6530
11771 12630
6638 13610
11447 20167
10449 24928
15071 26447
25314 25092
1163 10310
9459 24710
6641 5939
25761 10856
20625 4594
26199 15128
26199 5085
15128 5085
27105 23110
27105 25325
27105 23898
23110 25325
23110 23898
25325 23898
23820 3156
22901 22962
20150 28750
17695 29487
17695 3676
29487 3676
18124 19271
18753 22052
18753 10383
22052 10383
11935 14095
11935 14091
14095 14091
26864 14091
14321 24755
15915 27333
15915 15910
27333 15910
13316 1833
18633 21905
18633 21900
21905 21900
24047 25987
684 535
29041 29415
225 26952
4082 21433
4082 3733
21433 3733
2738 5147
2738 24692
2738 3526
5147 24692
5147 3526
24692 3526
16716 7699
23964 25562
1133 16425
1133 1132
1133 16463
1133 7887
16425 1132
16425 16463
16425 7887
1132 16463
1132 7887
16463 7887
3196 19876
11841 29667
11841 22289
11841 11853
11841 11995
29667 22289
29667 11853
29667 11995
22289 11853
22289 11995
11853 11995
5936 22415
2635 2578
1825 5975
3721 4654
15240 12653
24806 13164
25029 24777
25029 3708
24777 3708
5530 23660
14570 14567
14318 13807
29161 29166
28573 23599
28573 23208
23599 23208
7497 29370
7497 4586
29370 4586
27719 10477
25273 5814
9726 25319
9726 25323
25319 25323
6556 21593
6556 1702
6556 2938
21593 1702
21593 2938
1702 2938
21291 8965
21291 3143
8965 3143
12166 12012
12166 17497
12012 17497
28779 27277
710 2807
7522 19874
7522 9653
14750 19874
19874 9653
12083 15622
12083 13135
15622 13135
7528 2258
21254 371
7775 10298
7775 7793
7775 7766
10298 7793
10298 7766
7793 7766
19366 19336
19366 19322
19336 19322
3504 3567
23296 23107
23296 7592
23107 7592
22793 12824
12228 29213
6113 6120
6113 11809
6120 11809
5935 12717
5750 747
14173 10482
14173 9379
10482 9379
26647 9928
799 2007
4747 9506
9293 6376
10049 5994
10049 7056
5994 7056
5990 23929
8180 12161
8180 5256
8180 2279
12161 5256
12161 2279
5256 2279
20271 440
25838 3551
25838 11813
3551 11813
14482 23853
14482 12186
23853 10361
23853 9755
10361 9755
12144 25212
6925 8904
1230 4569
1230 21584
4569 21584
23046 23547
23046 14789
23046 16597
23547 14789
23547 16597
14789 16597
12017 28801
5738 19863
14843 15003
18818 9580
11875 26932
23572 6888
29214 617
3490 20593
3490 558
20593 558
10571 7756
10571 10573
7756 10573
10308 15821
10308 23568
15821 23568
20761 19056
25978 13443
25978 24079
25978 14023
13443 24079
13443 14023
24079 14023
29744 2871
319 11426
12510 80
12510 16585
80 16585
2636 2604
2636 1196
2604 1196
26433 19697
20296 11734
14437 7950
14437 23420
7950 23420
25770 599
24621 24339
10221 6790
10221 3900
6790 3900
6233 4115
9562 9633
7296 19319
10073 5130
29652 1627
10647 20141
27519 12730
27291 29311
27291 29366
29311 29366
23038 23008
25853 11312
1482 1916
1482 1484
1482 1313
1482 1323
1482 1879
1482 1859
1482 1854
1916 1484
1916 1313
1916 1323
1916 1879
1916 1859
1916 1854
1484 1313
1484 1323
1484 1879
1484 1859
1484 1854
1313 1323
1313 1879
1313 1859
1313 1854
1323 1879
1323 1859
1323 1854
1879 1859
1879 1854
1859 1854
4007 6125
15079 12263
19510 6213
11521 18298
383 191
16442 12715
16442 4935
5966 12715
12715 4935
17858 796
2917 5581
2917 109
8431 20897
8431 8443
8431 2726
8431 20894
8431 15881
8431 21889
8431 22364
20897 8443
20897 2726
20897 20894
20897 15881
20897 21889
20897 22364
8443 2726
8443 20894
8443 15881
8443 21889
8443 22364
2726 20894
2726 15881
2726 21889
2726 22364
20894 15881
20894 21889
20894 22364
15881 21889
15881 22364
21889 22364
7806 16721
2555 13573
8006 8370
7238 18185
3332 533
21830 5783
11964 13982
13137 12107
13137 26786
12107 26786
17901 17652
9165 2546
23575 13900
27446 19659
12534 3628
