123 2472
123 6909
123 11861
123 14861
123 16052
197 14797
197 21677
203 6192
203 9905
203 14636
203 19297
544 12096
623 661
623 5835
623 6974
661 5835
661 6974
663 731
663 11615
663 13027
731 11615
731 13027
1230 4569
1230 21584
1230 24439
1721 2593
1721 4743
1721 11754
1721 12460
1721 12731
1721 17400
1721 17401
2472 6909
2472 11861
2472 14861
2472 16052
2593 4743
2593 11754
2593 12460
2593 12731
2593 17400
2593 17401
2963 9870
2963 10642
3156 23820
3156 23821
3551 11813
3551 25838
4167 26594
4569 21584
4569 24439
4743 11754
4743 12460
4743 12731
4743 17400
4743 17401
5835 6974
6192 9905
6192 14636
6192 19297
6909 11861
6909 14861
6909 16052
7125 14406
7125 25233
7797 8046
7797 8068
7797 10685
7797 12104
7797 12165
7797 12401
7797 27338
8046 8068
8046 10685
8046 12104
8046 12165
8046 12401
8046 27338
8068 10685
8068 12104
8068 12165
8068 12401
8068 27338
8859 8861
8859 8863
8861 8863
9870 10642
9905 14636
9905 19297
10685 12104
10685 12165
10685 12401
10685 27338
11034 14205
11034 19621
11301 13895
11301 14824
11615 13027
11754 12460
11754 12731
11754 17400
11754 17401
11813 25838
11861 14861
11861 16052
11964 13982
11964 14067
11964 14072
12104 12165
12104 12401
12104 27338
12165 12401
12165 27338
12401 27338
12460 12731
12460 17400
12460 17401
12731 17400
12731 17401
13229 15818
13895 14824
13982 14067
13982 14072
14067 14072
14205 19621
14406 25233
14636 19297
14797 21677
14861 16052
15971 16265
15971 16302
15971 19826
16265 16302
16265 19826
16302 19826
16649 16749
16649 23047
16649 23649
16649 24399
16749 23047
16749 23649
16749 24399
17086 22909
17225 20730
17400 17401
17595 17829
17595 24011
17829 24011
21395 25887
21584 24439
23047 23649
23047 24399
23649 24399
23820 23821
25761 26888
