30 2425
30 4614
30 26220
31 11447
31 20167
40 363
40 1677
40 5778
40 5781
40 27720
40 28556
43 110
43 324
43 5762
43 6150
43 11724
43 11731
43 17428
43 18925
45 594
45 5751
45 5836
45 6442
50 18426
50 25237
50 29828
52 17374
52 17387
66 934
66 1919
75 2307
75 5766
75 5774
75 6566
75 7782
80 12510
80 16585
87 121
87 407
88 8407
88 15979
88 19665
88 27903
90 200
90 410
94 13889
94 17853
94 26250
109 5581
110 324
110 5762
110 6150
110 11724
110 11731
110 17428
110 18925
121 407
122 164
122 467
123 2472
123 6909
123 11861
123 14861
123 16052
131 172
131 459
140 298
140 20356
142 7553
142 7774
142 12231
142 20328
145 1206
145 7623
145 19213
145 25738
145 29556
147 14433
147 18304
150 302
150 22419
151 821
151 1466
151 7315
152 12215
152 18904
162 246
162 1160
163 257
163 433
164 467
167 11285
167 13519
167 19667
169 5889
169 14143
171 254
171 1268
172 459
175 8975
175 17300
175 21204
181 11318
181 13522
181 19607
181 24694
183 1451
183 26816
184 5183
184 11427
184 17678
184 17929
186 263
186 425
186 468
191 383
191 419
191 461
197 14797
197 21677
200 410
201 365
201 1458
202 379
202 24950
203 6192
203 9905
203 14636
203 19297
208 831
208 1460
209 397
209 430
209 841
210 16154
210 19470
213 7122
213 15089
213 19046
215 6655
215 13957
218 7711
218 23440
218 29125
219 12265
219 17417
220 388
220 421
220 895
221 824
221 1463
225 11340
225 12404
225 18381
225 26952
225 28921
225 29857
229 6151
229 14087
230 244
230 1101
232 385
232 417
232 967
232 1674
232 2039
233 819
233 3067
233 6444
233 7323
237 861
237 6099
237 11868
237 17914
244 1101
246 1160
254 1268
255 6121
255 22344
256 6983
256 12948
257 433
261 7607
261 15339
261 18131
262 6987
262 12949
262 18720
262 24517
262 28943
263 425
263 468
270 566
270 3076
273 11343
273 18178
282 12734
282 19220
282 23670
282 29946
288 13061
288 17792
294 1492
294 8552
294 15257
294 19177
294 24874
294 28991
296 14038
296 17784
298 20356
301 6301
301 25526
301 29482
302 22419
308 548
308 3072
317 6322
317 7551
317 18191
317 23041
317 29748
319 10016
319 11426
321 8778
321 13425
324 5762
324 6150
324 11724
324 11731
324 17428
324 18925
330 1743
330 10018
338 6980
338 14216
338 19307
357 11908
357 18053
363 1677
363 5778
363 5781
363 27720
363 28556
365 1458
370 1824
370 7062
371 21254
371 21326
374 1873
374 7184
374 12579
374 18383
374 26358
374 29086
379 24950
383 419
383 461
385 417
385 967
385 1674
385 2039
387 7434
387 22115
388 421
388 895
397 430
397 841
412 5927
412 15757
412 19768
417 967
417 1674
417 2039
419 461
421 895
425 468
428 6339
428 17514
428 22922
428 29072
429 1875
429 10811
429 12019
429 18797
430 841
431 8481
431 16576
431 19923
434 6254
434 12896
435 6384
435 13969
435 17528
435 23037
435 29074
440 6473
440 20271
443 5955
443 11997
452 6405
452 17545
452 23044
452 29078
454 5861
454 12995
455 6411
455 17550
455 23048
455 29082
472 9643
472 11801
472 21827
479 1966
479 2897
479 5963
484 1880
484 7224
484 13449
485 1915
485 10819
485 13376
487 8556
492 5800
492 13700
492 22732
500 12233
500 17790
504 1664
504 2029
505 5545
505 22698
506 1055
506 6926
506 11249
506 11667
506 11780
506 13637
506 13646
506 21724
506 21823
506 23075
506 23557
506 24166
506 28777
506 29635
515 19666
515 27735
523 7057
523 17423
533 1308
533 3332
535 684
535 13608
535 13611
535 21797
537 11936
537 24567
543 6012
543 12357
543 17847
548 3072
550 2434
550 9348
558 3074
559 13073
559 13680
561 7177
561 14076
561 23844
561 28028
561 28859
566 3076
571 6497
571 18104
573 10392
573 14522
573 17511
586 7277
586 20561
594 5751
594 5836
594 6442
599 9734
599 25770
599 25982
602 625
602 6140
602 7578
602 12519
602 14662
602 17403
602 17574
602 20671
617 2465
617 29214
623 661
623 5835
623 6974
625 6140
625 7578
625 12519
625 14662
625 17403
625 17574
625 20671
627 12211
627 13152
627 27297
636 5917
636 19798
637 25225
637 26627
638 1056
638 6503
638 12350
638 14490
638 18130
638 20148
639 5999
639 13722
639 18673
648 16017
648 17404
648 25511
661 5835
661 6974
663 731
663 11615
663 13027
667 11880
667 20637
673 15654
673 17216
684 13608
684 13611
684 21797
692 7337
692 15314
692 17915
694 14838
694 21868
710 2807
710 3002
729 9541
729 10933
729 13189
731 11615
731 13027
732 8741
732 12143
732 18486
739 11201
739 16614
739 20933
745 6368
745 15209
747 5750
747 6438
757 881
757 11901
757 18550
757 29015
759 5911
759 17515
759 22938
762 9252
762 12513
762 21453
771 853
771 19687
776 5809
776 19103
777 15755
777 17811
777 26812
777 29890
778 13369
778 18337
796 893
796 17858
799 2007
799 19210
809 1241
809 8784
809 12791
812 1244
812 8278
812 12237
812 23655
815 1246
815 2979
815 7004
815 20004
819 3067
819 6444
819 7323
821 1466
821 7315
824 1463
825 7781
825 13813
825 18675
831 1460
833 1659
833 1817
834 1589
834 6805
834 11769
834 25577
838 1603
838 1771
839 1607
839 1844
840 9666
840 17740
847 9662
847 17985
849 14041
849 29287
853 19687
861 6099
861 11868
861 17914
863 7962
863 12250
877 6206
877 12566
877 17940
881 11901
881 18550
881 29015
888 6500
888 13806
888 17812
890 7689
890 29243
893 17858
898 15583
914 15406
914 22111
915 6547
915 13880
915 17856
917 6751
917 19516
929 13554
929 16324
929 26335
934 1919
937 942
937 16966
940 6841
940 13845
940 23069
942 16966
952 9282
952 18230
964 12524
964 21816
967 1674
967 2039
970 12043
970 22082
987 2078
987 3548
995 2115
996 7740
996 17452
1000 10821
1000 14686
1005 15556
1005 19586
1005 26005
1018 5829
1018 6204
1018 6313
1018 6348
1023 7714
1023 14379
1023 21721
1035 6161
1035 7513
1035 12130
1035 22123
1035 23728
1036 7333
1036 15484
1036 24261
1038 12140
1038 18897
1041 6178
1041 7549
1041 12736
1041 22138
1052 1334
1052 13075
1052 13258
1052 28756
1052 29342
1055 6926
1055 11249
1055 11667
1055 11780
1055 13637
1055 13646
1055 21724
1055 21823
1055 23075
1055 23557
1055 24166
1055 28777
1055 29635
1056 6503
1056 12350
1056 14490
1056 18130
1056 20148
1085 8849
1085 28975
1097 25119
1097 26439
1098 6809
1098 15132
1098 19685
1102 1597
1102 6707
1102 13842
1102 24404
1102 28819
1112 8111
1112 16080
1112 19389
1116 7545
1116 12797
1116 22214
1120 6930
1120 15891
1120 18542
1132 1133
1132 2297
1132 7800
1132 7887
1132 8988
1132 15942
1132 15986
1132 16353
1132 16425
1132 16463
1132 20045
1132 20394
1132 22108
1132 22117
1132 29262
1133 2297
1133 7800
1133 7887
1133 8988
1133 15942
1133 15986
1133 16353
1133 16425
1133 16463
1133 20045
1133 20394
1133 22108
1133 22117
1133 29262
1136 5191
1153 2293
1153 17828
1154 6914
1154 19360
1154 20175
1156 2300
1156 10758
1163 10310
1163 22590
1194 13633
1194 17567
1195 12867
1195 22320
1196 2636
1196 7039
1196 14162
1196 17658
1196 19268
1196 28025
1197 6136
1197 14542
1200 24227
1200 24648
1206 7623
1206 19213
1206 25738
1206 29556
1208 8000
1208 15983
1225 5872
1225 18703
1225 25749
1226 5892
1226 15358
1226 18932
1229 8799
1229 22087
1229 29310
1230 4569
1230 21584
1230 24439
1236 6559
1236 7460
1236 17485
1236 29410
1237 5901
1237 16058
1237 20258
1240 5755
1240 6228
1241 8784
1241 12791
1244 8278
1244 12237
1244 23655
1246 2979
1246 7004
1246 20004
1264 8636
1264 15086
1270 1866
1270 7783
1270 15851
1270 19421
1276 14463
1276 18770
1285 6021
1285 28160
1290 5934
1290 14547
1290 18334
1295 8197
1295 17189
1295 19865
1300 6111
1300 15369
1300 18994
1302 5883
1302 17789
1302 28300
1306 1400
1306 6278
1306 15777
1308 3332
1313 1323
1313 1479
1313 1482
1313 1484
1313 1854
1313 1859
1313 1879
1313 1916
1313 2795
1316 1477
1316 2799
1323 1479
1323 1482
1323 1484
1323 1854
1323 1859
1323 1879
1323 1916
1323 2795
1326 7020
1326 14389
1326 18620
1326 29751
1329 9984
1329 21575
1329 28667
1329 29659
1329 29687
1331 15917
1331 18069
1334 13075
1334 13258
1334 28756
1334 29342
1336 13100
1336 22247
1360 13134
1360 22252
1362 9098
1362 14682
1362 27982
1369 14646
1369 26214
1369 29029
1377 7339
1377 18117
1377 24869
1377 28923
1380 8658
1380 20003
1380 23591
1397 12061
1397 22404
1399 8444
1399 15887
1399 20007
1400 6278
1400 15777
1401 7417
1401 12373
1401 18120
1424 17180
1424 24031
1424 26905
1425 8271
1425 18127
1436 8343
1436 13051
1436 21763
1436 24326
1436 29855
1450 7120
1450 29275
1451 26816
1466 7315
1475 6739
1475 16018
1477 2799
1479 1482
1479 1484
1479 1854
1479 1859
1479 1879
1479 1916
1479 2795
1482 1484
1482 1854
1482 1859
1482 1879
1482 1916
1482 2795
1484 1854
1484 1859
1484 1879
1484 1916
1484 2795
1487 9268
1487 12274
1492 8552
1492 15257
1492 19177
1492 24874
1492 28991
1493 8141
1493 16428
1493 20298
1495 6658
1495 12684
1495 19048
1497 6325
1497 12837
1497 20420
1506 6695
1506 18503
1508 5799
1508 14670
1508 19090
1532 1894
1532 8124
1552 7407
1552 27842
1552 29647
1555 6779
1555 20084
1564 7344
1564 14105
1564 27752
1564 29594
1565 6720
1565 12446
1565 22433
1574 1845
1589 6805
1589 11769
1589 25577
1594 8168
1594 18594
1597 6707
1597 13842
1597 24404
1597 28819
1598 6197
1598 13884
1598 22504
1598 22686
1603 1771
1607 1844
1611 14218
1611 17924
1612 6243
1612 12022
1614 15416
1614 29480
1619 9239
1619 27989
1622 1683
1622 10660
1622 18248
1627 8567
1627 29652
1630 14996
1630 19757
1630 24691
1630 29750
1634 15332
1634 18543
1635 9155
1635 19779
1635 24343
1635 29601
1640 11956
1640 17735
1640 23226
1643 5833
1643 12074
1643 18067
1643 23438
1644 6586
1644 12006
1644 22376
1646 13339
1653 1820
1653 2558
1659 1817
1664 2029
1671 6479
1671 12754
1671 18530
1674 2039
1677 5778
1677 5781
1677 27720
1677 28556
1683 10660
1683 18248
1689 5851
1689 14790
1689 18685
1695 2581
1695 4844
1695 5271
1695 7506
1695 8268
1697 9280
1697 14111
1697 18942
1697 28015
1702 2586
1702 21593
1721 2593
1721 4743
1721 11754
1721 12460
1721 12731
1721 15689
1721 17400
1721 17401
1730 2610
1730 4789
1736 8401
1736 25975
1743 10018
1748 14275
1748 20686
1759 10741
1759 13763
1759 22734
1761 2623
1761 15619
1770 18282
1770 18878
1793 8471
1793 26115
1804 8390
1804 13323
1804 28855
1804 29813
1806 10784
1806 28172
1812 12390
1812 19419
1814 20688
1814 24799
1820 2558
1824 7062
1825 5975
1825 6589
1833 13316
1833 16029
1850 8601
1850 8912
1851 3097
1851 3271
1854 1859
1854 1879
1854 1916
1854 2795
1855 6055
1855 14795
1855 18674
1855 23528
1855 29099
1859 1879
1859 1916
1859 2795
1861 3077
1861 3264
1863 7173
1863 14527
1863 19406
1866 7783
1866 15851
1866 19421
1873 7184
1873 12579
1873 18383
1873 26358
1873 29086
1875 10811
1875 12019
1875 18797
1879 1916
1879 2795
1880 7224
1880 13449
1894 8124
1896 6203
1896 13377
1896 18977
1896 24160
1905 6209
1905 19005
1906 10827
1906 24454
1914 11065
1914 14430
1915 10819
1915 13376
1916 2795
1917 10680
1917 21201
1927 9096
1927 16044
1927 21646
1928 15725
1928 19749
1943 7155
1943 16251
1943 17810
1943 28964
1944 6941
1944 15731
1944 17637
1945 10425
1945 15485
1966 2897
1966 5963
1970 6917
1970 14336
1971 6714
1971 15813
1971 18706
1978 23514
1979 7012
1979 17947
1982 9047
1982 19892
1984 7401
1984 15234
1984 23284
1996 6202
1996 21917
2007 19210
2013 7274
2013 15953
2013 19063
2013 25296
2017 9276
2017 11998
2017 23863
2017 29518
2036 12894
2036 22594
2049 14519
2049 18663
2067 22050
2067 25765
2067 28762
2068 2072
2068 12528
2068 12565
2068 17728
2068 17732
2070 7174
2070 15991
2072 12528
2072 12565
2072 17728
2072 17732
2075 9418
2075 16961
2075 29499
2078 3548
2091 6449
2091 13193
2091 22081
2108 9053
2108 19855
2116 19218
2116 25157
2120 8161
2120 13555
2120 20064
2121 11827
2121 21263
2124 7158
2124 12230
2131 7618
2131 17224
2163 9284
2163 24259
2165 6900
2165 15533
2165 19570
2168 15753
2168 19972
2169 6966
2169 15535
2169 20549
2169 25258
2184 8229
2184 14865
2188 6669
2188 16290
2188 18506
2188 26999
2189 7078
2189 15536
2189 20555
2211 10012
2211 20854
2215 7591
2215 14039
2215 25178
2239 8354
2239 15676
2239 19630
2240 8838
2240 15227
2240 20327
2240 23434
2245 8656
2245 13344
2245 22524
2246 4629
2246 19209
2247 8345
2247 13288
2258 7528
2258 8555
2260 9164
2260 14860
2260 18731
2267 7083
2267 15666
2267 18832
2267 25424
2271 7206
2271 19345
2271 25414
2275 6333
2275 21475
2279 5256
2279 8180
2279 12161
2279 12348
2290 8244
2290 12687
2290 18087
2293 17828
2297 7800
2297 7887
2297 8988
2297 15942
2297 15986
2297 16353
2297 16425
2297 16463
2297 20045
2297 20394
2297 22108
2297 22117
2297 29262
2300 10758
2302 16398
2302 19088
2307 5766
2307 5774
2307 6566
2307 7782
2309 6615
2309 13915
2309 19126
2316 7255
2316 15008
2316 20096
2316 25366
2319 8603
2319 16895
2319 20562
2319 29022
2353 8027
2353 20173
2356 3000
2356 28121
2367 13453
2367 19111
2379 7728
2379 11857
2379 21049
2382 8825
2382 14384
2382 18451
2384 7975
2384 13841
2397 24330
2397 28182
2397 28208
2398 8635
2398 19901
2413 7856
2413 14895
2425 4614
2425 26220
2433 8102
2433 16217
2434 9348
2435 12054
2435 19404
2435 23878
2435 29591
2436 7204
2436 14761
2436 18180
2436 18345
2437 5946
2437 15765
2437 23550
2463 15343
2463 23917
2465 29214
2472 6909
2472 11861
2472 14861
2472 16052
2475 14088
2475 22549
2475 23292
2478 6541
2478 13465
2478 19153
2479 6119
2479 11762
2480 7688
2480 18371
2480 25147
2508 9094
2508 13833
2508 26143
2508 29976
2515 13687
2515 18136
2527 24842
2527 28715
2537 9060
2537 12291
2537 18174
2545 7922
2545 15065
2546 3901
2546 9165
2547 8941
2547 18968
2553 8854
2553 15614
2555 9051
2555 13573
2555 14345
2557 7666
2557 13524
2557 20229
2559 12081
2559 17634
2559 17950
2559 22884
2559 24865
2564 13206
2564 26671
2578 7820
2578 14120
2578 17747
2581 4844
2581 5271
2581 7506
2581 8268
2585 7871
2586 21593
2593 4743
2593 11754
2593 12460
2593 12731
2593 15689
2593 17400
2593 17401
2608 22120
2608 26443
2610 4789
2623 15619
2628 7222
2628 13818
2628 24445
2628 28810
2635 7036
2635 19266
2636 7039
2636 14162
2636 17658
2636 19268
2636 28025
2640 7211
2640 12646
2640 29359
2645 7131
2645 14018
2645 17648
2651 6357
2651 23634
2661 8154
2661 13886
2688 6353
2688 28152
2695 8211
2695 13297
2695 18297
2696 6406
2696 14574
2698 7903
2698 14508
2709 27635
2709 27693
2712 6617
2712 12969
2712 13695
2712 18955
2712 19496
2726 8431
2726 8443
2726 15881
2726 20894
2726 20897
2726 21889
2726 22364
2727 4718
2727 5226
2727 8094
2735 6653
2735 15694
2735 24941
2737 3111
2737 6684
2737 15038
2737 20712
2737 24978
2738 3526
2738 5147
2738 24692
2738 27658
2743 4123
2743 5208
2764 7267
2764 13398
2764 24467
2764 29452
2783 6279
2783 19020
2793 7507
2793 7737
2793 26514
2794 8368
2794 16520
2794 20075
2804 10007
2804 26511
2806 7473
2806 11993
2806 22098
2806 23727
2807 3002
2814 9366
2814 19975
2814 26463
2851 6053
2851 12205
2851 17819
2854 6410
2854 15137
2871 22924
2871 29744
2888 15403
2888 18741
2896 7014
2896 22663
2897 5963
2903 12547
2903 20374
2903 24779
2907 8972
2907 14923
2907 18398
2936 7624
2936 15161
2936 19149
2938 6556
2944 7293
2944 16181
2944 19847
2962 4967
2962 9609
2979 7004
2979 20004
2988 8882
2988 12766
2988 26593
2995 3728
2995 22906
3000 28121
3014 12438
3014 13354
3014 19857
3030 3033
3030 8829
3033 8829
3067 6444
3067 7323
3070 6189
3070 19304
3071 7676
3071 14930
3077 3264
3083 3266
3083 24037
3083 29508
3089 6168
3089 12685
3097 3271
3111 6684
3111 15038
3111 20712
3111 24978
3114 8167
3114 20391
3119 6466
3119 23943
3143 8965
3143 21291
3143 22623
3148 6948
3148 18038
3155 7110
3155 22077
3156 23820
3156 23821
3159 10476
3159 26162
3164 8192
3164 13928
3168 8206
3168 15642
3177 8503
3177 22475
3177 25731
3177 29073
3182 10041
3182 16435
3184 12710
3184 21054
3190 10084
3190 25238
3192 8131
3192 16358
3192 18458
3192 18761
3192 24290
3196 15926
3196 18998
3196 19876
3196 29332
3210 15243
3210 22911
3223 16060
3223 17711
3223 18745
3257 8562
3257 16915
3257 19597
3260 8389
3260 20822
3266 24037
3266 29508
3269 15650
3269 20018
3269 28053
3273 18778
3273 29836
3310 11648
3310 16011
3312 14209
3312 19998
3329 11131
3329 15407
3329 20089
3329 20277
3343 8182
3343 9211
3359 16877
3359 27061
3366 16509
3366 19708
3371 10626
3371 11326
3403 7966
3403 12640
3403 24446
3405 7982
3405 14512
3405 17488
3433 16446
3433 20213
3434 5904
3434 11785
3434 21259
3439 15160
3439 26056
3439 29187
3450 7111
3450 15962
3450 18760
3453 7059
3453 12655
3458 13056
3458 21074
3458 29629
3460 7101
3460 18509
3461 5097
3461 15074
3462 14491
3462 17135
3467 8282
3467 15804
3479 7677
3479 13091
3479 17690
3489 17464
3489 17682
3489 17909
3489 18265
3489 18894
3490 20593
3496 7475
3496 8547
3496 8880
3502 8519
3502 16531
3502 20815
3504 3567
3504 15468
3504 16517
3504 19618
3504 19638
3504 27065
3512 7629
3512 14668
3512 20438
3512 20994
3516 7332
3516 19403
3517 4739
3517 19147
3521 16186
3521 23384
3521 24171
3526 5147
3526 24692
3526 27658
3551 11813
3551 25838
3567 15468
3567 16517
3567 19618
3567 19638
3567 27065
3569 6844
3569 7918
3569 16685
3570 6131
3570 12714
3570 23311
3573 13170
3573 21961
3580 13097
3580 19911
3588 7659
3588 13698
3603 9470
3603 15661
3603 20227
3603 26083
3604 9270
3604 23653
3613 9705
3613 12737
3613 22139
3614 5266
3614 7889
3624 7868
3624 12073
3624 20936
3626 9147
3626 20892
3628 21272
3641 5269
3641 10182
3663 5908
3663 24810
3676 17695
3676 17803
3676 18009
3676 29487
3691 5221
3691 13952
3707 9866
3707 15649
3708 24777
3708 25029
3715 7610
3715 25964
3718 8166
3718 18849
3718 24887
3721 4654
3721 9917
3722 6329
3722 15157
3722 18049
3724 3853
3724 14217
3724 14768
3724 14814
3724 19083
3724 19512
3724 25187
3728 22906
3733 4082
3733 10648
3733 21433
3754 8943
3754 15097
3763 10549
3763 20245
3769 8204
3769 15162
3769 19359
3775 6185
3775 10076
3775 29043
3781 6483
3781 14524
3784 10201
3784 17001
3789 6028
3789 7427
3792 12172
3792 18875
3792 24976
3799 7002
3799 15043
3802 17685
3802 17932
3811 8546
3811 16965
3811 19462
3820 13191
3820 22155
3832 12258
3832 21152
3853 14217
3853 14768
3853 14814
3853 19083
3853 19512
3853 25187
3874 9373
3874 16669
3874 20254
3874 20912
3876 8518
3876 16065
3876 22125
3894 9232
3894 22009
3900 6790
3900 7287
3900 10221
3901 9165
3912 8393
3912 15037
3912 19176
3912 23338
3920 7102
3920 15859
3946 18109
3946 24811
3952 8225
3952 19241
3952 22912
3952 29156
3967 13474
3967 15354
3975 10036
3975 16335
3980 5909
3980 15534
3980 18336
3980 24412
3985 9368
3985 15487
3985 27175
4006 7422
4006 9353
4006 16059
4006 22806
4007 6125
4007 6787
4008 5945
4008 14705
4013 7533
4013 15142
4013 18788
4030 6928
4030 15158
4035 16136
4035 18257
4041 6954
4041 11799
4041 18025
4069 20721
4069 27122
4077 10902
4077 16999
4077 19656
4081 10721
4081 17284
4081 18777
4081 25932
4082 10648
4082 21433
4085 7007
4085 13837
4111 9511
4111 21569
4111 26570
4112 7973
4112 12207
4112 22432
4115 6233
4115 6321
4115 6636
4115 7653
4123 5208
4135 7236
4135 12531
4162 15662
4162 20267
4162 25951
4167 26594
4167 28292
4169 10046
4169 12713
4169 21934
4200 8620
4200 8914
4200 11989
4200 16565
4200 18623
4200 23102
4200 24700
4211 4793
4211 5379
4216 13667
4216 20509
4232 4477
4232 17892
4240 4620
4240 14543
4240 19783
4243 4625
4243 13741
4243 22692
4267 11673
4267 14243
4268 6393
4268 19567
4274 7466
4274 12367
4276 11775
4276 21722
4280 4282
4280 4426
4280 4451
4282 4426
4282 4451
4294 15934
4294 19806
4295 11804
4295 19692
4295 25336
4319 6664
4319 11959
4319 22122
4319 24016
4344 6624
4344 14252
4344 18160
4365 5907
4365 20268
4365 24449
4368 4383
4368 15883
4368 15914
4368 19025
4368 19093
4379 12709
4379 22566
4380 8544
4380 15762
4383 15883
4383 15914
4383 19025
4383 19093
4416 13347
4416 22530
4426 4451
4429 10446
4429 11258
4446 11226
4446 16341
4446 20214
4446 26151
4449 16497
4449 19763
4469 11358
4469 17623
4477 17892
4490 9159
4490 13195
4490 18903
4509 10675
4509 12898
4509 20212
4518 8059
4518 18179
4523 14684
4523 19065
4523 25800
4556 8828
4556 16179
4569 21584
4569 24439
4573 5992
4573 6281
4573 6614
4576 7883
4576 16975
4576 19805
4586 7497
4586 29370
4590 6293
4590 18560
4594 20625
4594 20650
4598 12234
4598 17778
4614 26220
4620 14543
4620 19783
4625 13741
4625 22692
4629 19209
4654 9917
4667 8819
4667 16849
4673 16472
4673 20864
4711 6834
4711 10881
4718 5226
4718 8094
4722 6957
4722 15210
4722 16163
4736 12781
4736 21659
4739 19147
4743 11754
4743 12460
4743 12731
4743 15689
4743 17400
4743 17401
4747 9506
4747 9514
4748 8632
4748 12645
4748 22659
4759 9914
4759 9934
4768 7438
4768 19472
4775 8493
4775 9292
4793 5379
4812 8255
4812 27038
4825 9453
4825 12089
4825 20706
4825 26558
4838 5383
4844 5271
4844 7506
4844 8268
4860 6375
4860 12839
4860 22310
4912 7068
4912 13964
4928 8971
4928 25436
4935 5966
4935 12715
4935 16442
4941 8839
4941 15547
4941 20055
4961 8057
4961 15302
4966 8595
4966 19760
4967 9609
4969 9698
4969 12378
4969 21469
4971 6647
4971 23874
4975 11071
4975 17265
4975 19886
4986 7977
4986 16483
4988 7060
4988 13253
4988 19248
4988 23352
5003 8699
5003 15781
5003 19852
5019 6778
5019 14925
5020 12336
5020 19260
5020 27710
5020 28884
5022 7558
5022 10273
5028 5242
5028 13013
5044 5858
5044 14219
5044 19455
5062 15696
5062 19652
5080 13893
5080 17507
5085 15128
5085 26199
5097 15074
5130 10073
5130 11585
5130 11605
5147 24692
5147 27658
5154 6456
5154 14820
5167 5512
5167 10281
5167 11913
5167 21011
5167 23612
5168 9266
5168 15494
5168 20243
5175 10344
5175 12936
5175 19109
5183 11427
5183 17678
5183 17929
5187 19736
5187 25708
5200 14444
5200 15023
5200 28823
5207 6796
5207 15031
5207 20801
5207 20858
5221 13952
5226 8094
5242 13013
5256 8180
5256 12161
5256 12348
5266 7889
5269 10182
5271 7506
5271 8268
5273 10031
5273 16897
5273 20020
5273 26328
5278 14226
5278 23758
5294 9157
5294 27810
5295 15680
5295 20040
5302 11951
5302 18510
5330 16960
5330 17139
5330 23708
5332 22914
5332 23219
5348 5573
5348 7310
5350 5580
5350 7834
5358 14325
5358 21347
5359 11586
5359 26794
5373 10186
5373 11847
5373 14899
5373 21197
5387 9510
5387 17091
5411 9118
5411 15711
5412 9610
5412 16560
5480 7796
5480 15002
5507 7546
5507 7990
5512 10281
5512 11913
5512 21011
5512 23612
5529 17142
5529 20772
5529 27126
5530 17004
5530 23660
5536 5859
5536 22010
5545 22698
5555 6398
5555 14806
5555 21492
5573 7310
5580 7834
5590 9327
5590 9699
5614 12167
5614 22388
5620 10105
5620 13719
5620 17646
5649 16416
5649 16762
5663 9617
5663 16382
5665 14694
5665 20467
5677 12674
5677 13331
5677 13552
5682 11277
5682 21261
5738 19863
5738 21013
5741 5748
5741 6128
5741 6865
5741 7611
5741 21130
5743 5831
5743 6432
5743 11725
5743 12305
5743 13448
5743 17383
5743 18241
5748 6128
5748 6865
5748 7611
5748 21130
5750 6438
5751 5836
5751 6442
5755 6228
5762 6150
5762 11724
5762 11731
5762 17428
5762 18925
5766 5774
5766 6566
5766 7782
5774 6566
5774 7782
5778 5781
5778 27720
5778 28556
5781 27720
5781 28556
5783 6261
5783 21830
5786 6417
5786 8999
5796 11712
5796 14012
5796 14660
5798 11781
5798 22557
5799 14670
5799 19090
5800 13700
5800 22732
5805 13983
5805 19296
5809 19103
5811 5823
5811 6659
5812 12370
5812 22612
5814 5918
5814 6755
5814 25273
5819 6269
5819 9269
5820 6191
5820 6344
5823 6659
5827 6429
5827 11085
5829 6204
5829 6313
5829 6348
5831 6432
5831 11725
5831 12305
5831 13448
5831 17383
5831 18241
5833 12074
5833 18067
5833 23438
5835 6974
5836 6442
5851 14790
5851 18685
5853 26057
5853 29891
5854 5862
5854 6783
5854 13007
5854 20656
5858 14219
5858 19455
5859 22010
5861 12995
5862 6783
5862 13007
5862 20656
5867 6215
5867 6302
5867 6341
5871 11740
5871 14862
5871 21501
5872 18703
5872 25749
5880 12633
5880 18812
5880 23495
5882 12697
5882 17575
5882 27702
5883 17789
5883 28300
5889 14143
5892 15358
5892 18932
5898 14533
5898 17958
5901 16058
5901 20258
5904 11785
5904 21259
5906 6654
5906 10802
5907 20268
5907 24449
5908 24810
5909 15534
5909 18336
5909 24412
5911 17515
5911 22938
5912 6107
5912 6227
5912 6640
5917 19798
5918 6755
5918 25273
5927 15757
5927 19768
5934 14547
5934 18334
5935 6033
5935 12717
5936 6241
5936 6308
5936 6630
5936 7649
5936 22415
5939 6110
5939 6641
5939 7486
5945 14705
5946 15765
5946 23550
5955 11997
5961 6288
5961 6514
5964 6024
5964 6637
5966 12715
5966 16442
5975 6589
5976 6070
5976 23141
5977 14214
5977 18366
5983 6574
5988 6082
5988 6510
5990 23929
5990 29475
5992 6281
5992 6614
5994 7056
5994 10049
5999 13722
5999 18673
6003 6237
6003 6529
6012 12357
6012 17847
6014 6224
6014 6526
6021 28160
6023 15208
6023 18396
6023 26060
6024 6637
6028 7427
6033 12717
6038 7319
6038 18106
6038 22237
6048 13642
6048 19474
6048 25808
6053 12205
6053 17819
6054 17432
6054 22810
6055 14795
6055 18674
6055 23528
6055 29099
6064 12866
6064 17904
6066 13408
6066 17440
6067 8327
6067 21284
6070 23141
6072 13513
6072 21517
6072 25551
6082 6510
6089 13867
6089 22497
6097 24729
6097 25517
6099 11868
6099 17914
6107 6227
6107 6640
6110 6641
6110 7486
6111 15369
6111 18994
6119 11762
6121 22344
6125 6787
6126 19175
6126 25054
6128 6865
6128 7611
6128 21130
6131 12714
6131 23311
6136 14542
6140 7578
6140 12519
6140 14662
6140 17403
6140 17574
6140 20671
6142 14593
6142 15001
6142 18392
6150 11724
6150 11731
6150 17428
6150 18925
6151 14087
6152 7477
6152 25306
6161 7513
6161 12130
6161 22123
6161 23728
6168 12685
6174 6218
6176 13658
6176 22287
6178 7549
6178 12736
6178 22138
6185 10076
6185 29043
6189 19304
6191 6344
6192 9905
6192 14636
6192 19297
6193 13198
6193 18529
6194 13771
6194 18591
6197 13884
6197 22504
6197 22686
6202 21917
6203 13377
6203 18977
6203 24160
6204 6313
6204 6348
6206 12566
6206 17940
6209 19005
6213 9307
6213 19510
6215 6302
6215 6341
6224 6526
6227 6640
6229 17653
6229 17926
6233 6321
6233 6636
6233 7653
6234 6819
6234 9298
6237 6529
6241 6308
6241 6630
6241 7649
6241 22415
6243 12022
6252 6808
6252 9152
6254 12896
6259 6795
6259 9274
6261 21830
6262 15385
6262 18260
6269 9269
6278 15777
6279 19020
6281 6614
6288 6514
6293 18560
6299 9263
6299 21340
6301 25526
6301 29482
6302 6341
6308 6630
6308 7649
6308 22415
6310 8978
6310 16249
6310 17466
6313 6348
6315 6663
6315 13577
6315 21708
6315 24585
6321 6636
6321 7653
6322 7551
6322 18191
6322 23041
6322 29748
6325 12837
6325 20420
6328 6696
6328 9260
6329 15157
6329 18049
6331 7185
6331 14464
6331 19015
6333 21475
6335 14826
6335 21495
6338 6699
6338 9251
6339 17514
6339 22922
6339 29072
6347 16630
6347 20059
6349 6702
6349 9229
6349 15735
6350 13154
6350 22030
6353 28152
6357 23634
6360 14735
6360 18286
6367 11826
6367 21091
6368 15209
6371 13663
6371 17970
6375 12839
6375 22310
6376 9293
6376 22951
6376 29927
6383 14188
6383 19424
6384 13969
6384 17528
6384 23037
6384 29074
6392 14431
6392 19000
6393 19567
6398 14806
6398 21492
6405 17545
6405 23044
6405 29078
6406 14574
6410 15137
6411 17550
6411 23048
6411 29082
6417 8999
6418 14034
6418 21478
6429 11085
6432 11725
6432 12305
6432 13448
6432 17383
6432 18241
6444 7323
6449 13193
6449 22081
6455 12248
6455 18094
6456 14820
6457 14489
6457 19030
6461 12168
6461 22576
6463 25192
6463 29955
6466 23943
6470 17456
6470 24071
6470 28843
6471 9163
6471 17461
6473 20271
6479 12754
6479 18530
6483 14524
6490 22880
6490 23762
6497 18104
6500 13806
6500 17812
6503 12350
6503 14490
6503 18130
6503 20148
6507 14857
6507 20354
6530 9921
6541 13465
6541 19153
6547 13880
6547 17856
6559 7460
6559 17485
6559 29410
6564 12369
6564 18012
6566 7782
6571 14029
6571 19288
6581 18951
6581 23009
6586 12006
6586 22376
6611 17116
6611 19375
6613 15653
6613 18571
6615 13915
6615 19126
6617 12969
6617 13695
6617 18955
6617 19496
6624 14252
6624 18160
6630 7649
6630 22415
6636 7653
6638 7202
6638 13610
6641 7486
6647 23874
6650 12163
6650 19001
6653 15694
6653 24941
6654 10802
6655 13957
6658 12684
6658 19048
6660 13234
6660 20922
6660 25728
6660 25958
6660 29242
6663 13577
6663 21708
6663 24585
6664 11959
6664 22122
6664 24016
6669 16290
6669 18506
6669 26999
6676 28761
6676 28851
6684 15038
6684 20712
6684 24978
6689 10983
6689 18498
6692 17752
6692 25498
6695 18503
6696 9260
6699 9251
6702 9229
6702 15735
6707 13842
6707 24404
6707 28819
6714 15813
6714 18706
6720 12446
6720 22433
6739 16018
6741 7061
6741 16712
6746 20652
6746 27832
6747 12946
6747 18050
6751 19516
6755 25273
6765 14753
6765 18531
6778 14925
6779 20084
6783 13007
6783 20656
6790 7287
6790 10221
6792 17577
6792 29295
6793 14877
6793 15523
6795 9274
6796 15031
6796 20801
6796 20858
6802 12941
6802 18615
6805 11769
6805 25577
6808 9152
6809 15132
6809 19685
6819 9298
6834 10881
6841 13845
6841 23069
6844 7918
6844 16685
6865 7611
6865 21130
6878 7957
6878 16050
6878 19960
6888 23572
6888 24849
6900 15533
6900 19570
6909 11861
6909 14861
6909 16052
6913 15313
6913 18943
6914 19360
6914 20175
6915 13839
6915 18275
6917 14336
6925 8904
6925 14530
6926 11249
6926 11667
6926 11780
6926 13637
6926 13646
6926 21724
6926 21823
6926 23075
6926 23557
6926 24166
6926 28777
6926 29635
6928 15158
6930 15891
6930 18542
6934 15671
6934 18614
6934 23879
6934 29832
6941 15731
6941 17637
6944 7298
6944 20900
6947 15791
6947 17640
6947 25166
6947 29678
6948 18038
6954 11799
6954 18025
6957 15210
6957 16163
6966 15535
6966 20549
6966 25258
6980 14216
6980 19307
6983 12948
6987 12949
6987 18720
6987 24517
6987 28943
7002 15043
7004 20004
7007 13837
7012 17947
7014 22663
7020 14389
7020 18620
7020 29751
7036 19266
7039 14162
7039 17658
7039 19268
7039 28025
7056 10049
7057 17423
7058 12868
7058 22022
7058 24090
7059 12655
7060 13253
7060 19248
7060 23352
7061 16712
7068 13964
7076 13160
7076 21930
7078 15536
7078 20555
7083 15666
7083 18832
7083 25424
7099 13790
7099 17833
7099 24366
7099 28734
7101 18509
7102 15859
7103 19070
7103 23147
7110 22077
7111 15962
7111 18760
7120 29275
7122 15089
7122 19046
7125 14406
7125 25233
7125 27312
7131 14018
7131 17648
7140 9907
7140 9927
7140 10069
7155 16251
7155 17810
7155 28964
7158 12230
7173 14527
7173 19406
7174 15991
7177 14076
7177 23844
7177 28028
7177 28859
7181 13167
7181 18639
7184 12579
7184 18383
7184 26358
7184 29086
7185 14464
7185 19015
7196 12332
7196 18439
7196 29057
7202 13610
7204 14761
7204 18180
7204 18345
7206 19345
7206 25414
7211 12646
7211 29359
7222 13818
7222 24445
7222 28810
7224 13449
7226 7479
7226 7769
7232 13403
7232 17688
7232 25865
7236 12531
7238 8157
7238 18185
7246 7674
7246 8169
7255 15008
7255 20096
7255 25366
7267 13398
7267 24467
7267 29452
7268 13514
7268 21419
7274 15953
7274 19063
7274 25296
7277 20561
7287 10221
7293 16181
7293 19847
7296 19319
7296 19457
7298 20900
7299 23133
7299 29741
7319 18106
7319 22237
7321 18300
7321 23806
7332 19403
7333 15484
7333 24261
7337 15314
7337 17915
7339 18117
7339 24869
7339 28923
7344 14105
7344 27752
7344 29594
7355 17837
7355 18168
7400 24624
7400 24705
7401 15234
7401 23284
7407 27842
7407 29647
7417 12373
7417 18120
7422 9353
7422 16059
7422 22806
7434 22115
7438 19472
7456 13164
7456 17491
7456 23326
7456 24427
7456 24806
7456 28797
7456 29438
7459 8834
7459 29344
7460 17485
7460 29410
7466 12367
7471 17186
7471 24704
7473 11993
7473 22098
7473 23727
7475 8547
7475 8880
7477 25306
7479 7769
7493 14195
7493 18367
7497 29370
7505 13746
7505 17726
7505 25505
7506 8268
7507 7737
7507 26514
7513 12130
7513 22123
7513 23728
7522 9653
7522 9820
7522 14750
7522 19874
7528 8555
7533 15142
7533 18788
7545 12797
7545 22214
7546 7990
7549 12736
7549 22138
7551 18191
7551 23041
7551 29748
7553 7774
7553 12231
7553 20328
7558 10273
7561 9665
7561 10229
7578 12519
7578 14662
7578 17403
7578 17574
7578 20671
7589 14818
7589 20031
7591 14039
7591 25178
7592 13672
7592 23107
7592 23279
7592 23296
7592 23403
7596 14952
7596 20846
7607 15339
7607 18131
7610 25964
7611 21130
7618 17224
7623 19213
7623 25738
7623 29556
7624 15161
7624 19149
7629 14668
7629 20438
7629 20994
7641 15138
7641 23709
7649 22415
7659 13698
7664 15486
7664 24807
7666 13524
7666 20229
7674 8169
7675 13237
7675 17696
7676 14930
7677 13091
7677 17690
7688 18371
7688 25147
7689 29243
7696 14545
7696 20511
7699 16716
7699 20642
7699 27664
7711 23440
7711 29125
7714 14379
7714 21721
7728 11857
7728 21049
7737 26514
7739 18137
7739 27990
7740 17452
7756 10571
7756 10573
7766 7775
7766 7793
7766 7938
7766 7951
7766 7955
7766 10298
7774 12231
7774 20328
7775 7793
7775 7938
7775 7951
7775 7955
7775 10298
7779 19264
7779 25610
7781 13813
7781 18675
7783 15851
7783 19421
7790 16246
7790 20240
7790 25740
7793 7938
7793 7951
7793 7955
7793 10298
7796 15002
7797 8046
7797 8068
7797 10685
7797 12104
7797 12165
7797 12401
7797 27338
7800 7887
7800 8988
7800 15942
7800 15986
7800 16353
7800 16425
7800 16463
7800 20045
7800 20394
7800 22108
7800 22117
7800 29262
7805 14914
7805 17849
7806 8075
7806 14322
7806 16721
7810 25443
7810 29358
7820 14120
7820 17747
7831 13289
7831 13388
7831 14736
7831 16611
7856 14895
7868 12073
7868 20936
7881 24356
7881 26263
7883 16975
7883 19805
7887 8988
7887 15942
7887 15986
7887 16353
7887 16425
7887 16463
7887 20045
7887 20394
7887 22108
7887 22117
7887 29262
7896 14146
7896 19675
7897 16674
7897 19353
7897 25052
7903 14508
7911 16009
7911 24051
7913 15409
7913 19155
7913 23940
7918 16685
7922 15065
7938 7951
7938 7955
7938 10298
7946 16488
7946 18054
7950 14437
7950 15011
7950 23420
7950 23725
7951 7955
7951 10298
7955 10298
7957 16050
7957 19960
7962 12250
7966 12640
7966 24446
7969 14434
7969 18746
7973 12207
7973 22432
7975 13841
7977 16483
7981 14581
7981 19471
7982 14512
7982 17488
7991 15140
7991 20120
8000 15983
8006 8370
8006 19733
8027 20173
8046 8068
8046 10685
8046 12104
8046 12165
8046 12401
8046 27338
8057 15302
8059 18179
8068 10685
8068 12104
8068 12165
8068 12401
8068 27338
8069 8889
8069 18729
8075 14322
8075 16721
8097 15992
8097 24538
8100 13582
8100 19124
8100 24159
8100 29812
8102 16217
8105 11815
8105 12999
8105 29639
8111 16080
8111 19389
8112 12447
8112 21218
8112 23711
8116 13605
8116 21287
8127 16534
8127 26954
8131 16358
8131 18458
8131 18761
8131 24290
8141 16428
8141 20298
8145 15787
8145 18874
8154 13886
8157 18185
8161 13555
8161 20064
8166 18849
8166 24887
8167 20391
8168 18594
8180 12161
8180 12348
8182 9211
8189 13370
8189 20599
8192 13928
8197 17189
8197 19865
8204 15162
8204 19359
8206 15642
8211 13297
8211 18297
8225 19241
8225 22912
8225 29156
8229 14865
8244 12687
8244 18087
8255 27038
8265 13374
8265 18102
8265 23998
8271 18127
8278 12237
8278 23655
8279 12699
8279 18368
8282 15804
8287 14177
8287 15667
8296 14584
8296 14592
8296 19129
8296 23302
8327 21284
8337 13512
8337 21417
8343 13051
8343 21763
8343 24326
8343 29855
8345 13288
8354 15676
8354 19630
8368 16520
8368 20075
8370 19733
8389 20822
8390 13323
8390 28855
8390 29813
8393 15037
8393 19176
8393 23338
8401 25975
8402 12552
8402 19231
8402 25365
8407 15979
8407 19665
8407 27903
8412 12743
8412 19262
8415 15337
8415 18088
8415 24447
8417 14892
8417 18667
8417 19430
8417 26553
8417 29549
8419 14289
8419 21733
8431 8443
8431 15881
8431 20894
8431 20897
8431 21889
8431 22364
8443 15881
8443 20894
8443 20897
8443 21889
8443 22364
8444 15887
8444 20007
8447 14823
8447 18895
8471 26115
8481 16576
8481 19923
8491 18305
8491 18467
8493 9292
8503 22475
8503 25731
8503 29073
8510 13157
8510 14881
8513 11140
8513 14852
8518 16065
8518 22125
8519 16531
8519 20815
8522 15283
8522 19785
8544 15762
8546 16965
8546 19462
8547 8880
8552 15257
8552 19177
8552 24874
8552 28991
8556 8659
8559 13392
8559 26079
8559 29967
8562 16915
8562 19597
8567 29652
8577 8903
8577 29303
8595 19760
8601 8912
8603 16895
8603 20562
8603 29022
8620 8914
8620 11989
8620 16565
8620 18623
8620 23102
8620 24700
8626 19766
8626 25557
8632 12645
8632 22659
8635 19901
8636 15086
8656 13344
8656 22524
8658 20003
8658 23591
8699 15781
8699 19852
8714 14082
8714 22256
8728 15464
8728 24936
8741 12143
8741 18486
8777 14595
8777 18235
8778 13425
8784 12791
8799 22087
8799 29310
8809 13487
8809 17772
8819 16849
8825 14384
8825 18451
8828 16179
8834 29344
8838 15227
8838 20327
8838 23434
8839 15547
8839 20055
8849 28975
8854 15614
8859 8861
8859 8863
8861 8863
8882 12766
8882 26593
8889 18729
8903 29303
8904 14530
8913 14413
8913 19315
8914 11989
8914 16565
8914 18623
8914 23102
8914 24700
8924 22834
8927 15424
8927 20145
8941 18968
8943 15097
8965 21291
8965 22623
8971 25436
8972 14923
8972 18398
8975 17300
8975 21204
8978 16249
8978 17466
8985 11844
8985 20906
8987 15922
8987 22014
8988 15942
8988 15986
8988 16353
8988 16425
8988 16463
8988 20045
8988 20394
8988 22108
8988 22117
8988 29262
9033 24020
9033 24323
9037 20179
9037 27178
9041 13481
9041 19428
9043 12529
9043 21851
9043 24183
9047 19892
9051 13573
9051 14345
9053 19855
9060 12291
9060 18174
9094 13833
9094 26143
9094 29976
9096 16044
9096 21646
9098 14682
9098 27982
9118 15711
9147 20892
9155 19779
9155 24343
9155 29601
9157 27810
9159 13195
9159 18903
9161 12500
9161 21829
9162 16922
9162 25782
9163 17461
9164 14860
9164 18731
9206 13314
9206 20880
9229 15735
9232 22009
9239 27989
9252 12513
9252 21453
9263 21340
9266 15494
9266 20243
9268 12274
9270 23653
9276 11998
9276 23863
9276 29518
9280 14111
9280 18942
9280 28015
9282 18230
9284 24259
9288 17943
9288 23982
9289 16292
9289 17548
9289 23118
9289 29756
9293 22951
9293 29927
9307 19510
9313 14771
9313 20416
9313 23475
9314 14754
9314 20088
9319 13773
9319 19554
9322 15506
9322 20107
9322 27340
9327 9699
9353 16059
9353 22806
9366 19975
9366 26463
9368 15487
9368 27175
9373 16669
9373 20254
9373 20912
9379 10482
9379 14173
9407 9412
9407 26069
9412 26069
9418 16961
9418 29499
9433 11984
9433 21425
9437 9953
9437 22758
9442 20908
9442 29423
9453 12089
9453 20706
9453 26558
9457 19427
9459 15189
9459 24710
9470 15661
9470 20227
9470 26083
9476 13053
9476 21069
9506 9514
9510 17091
9511 21569
9511 26570
9517 9804
9541 10933
9541 13189
9562 9633
9562 17627
9562 18207
9574 10129
9574 20134
9576 12000
9576 20850
9576 21041
9580 10125
9580 18818
9606 16197
9606 24618
9610 16560
9611 11842
9611 21580
9616 16676
9616 18184
9617 16382
9633 17627
9633 18207
9643 11801
9643 21827
9653 9820
9653 14750
9653 19874
9662 17985
9665 10229
9666 17740
9698 12378
9698 21469
9705 12737
9705 22139
9708 11747
9708 14864
9708 18100
9726 25319
9726 25323
9734 25770
9734 25982
9749 17972
9749 23151
9753 15776
9753 19549
9755 10361
9755 23853
9820 14750
9820 19874
9866 15649
9888 13632
9888 21800
9905 14636
9905 19297
9907 9927
9907 10069
9914 9934
9927 10069
9928 20293
9928 26647
9953 22758
9981 12296
9981 20757
9984 21575
9984 28667
9984 29659
9984 29687
9992 15541
9992 24328
10006 12826
10006 22304
10006 23099
10007 26511
10008 13095
10008 18057
10008 26325
10012 20854
10016 11426
10031 16897
10031 20020
10031 26328
10036 16335
10037 18129
10037 21176
10041 16435
10046 12713
10046 21934
10073 11585
10073 11605
10076 29043
10084 25238
10105 13719
10105 17646
10125 18818
10129 20134
10186 11847
10186 14899
10186 21197
10189 13011
10189 14872
10201 17001
10222 16596
10222 19317
10234 10656
10234 14507
10249 10866
10249 12268
10249 13006
10249 19573
10249 20226
10249 27357
10254 13944
10254 29005
10254 29223
10271 17881
10271 18379
10281 11913
10281 21011
10281 23612
10308 15821
10308 23568
10308 23906
10310 22590
10344 12936
10344 19109
10361 23853
10383 18753
10383 22052
10392 14522
10392 17511
10425 15485
10446 11258
10449 24928
10449 24931
10476 26162
10477 27719
10477 28408
10482 14173
10484 11624
10484 21804
10493 11093
10493 16116
10493 18040
10519 10796
10524 10838
10524 12871
10528 12115
10528 17371
10541 11143
10541 21336
10549 20245
10560 11150
10560 13892
10560 21146
10564 11216
10564 16356
10571 10573
10596 10632
10596 27632
10603 15026
10603 20290
10605 12443
10605 28351
10624 12436
10624 17501
10626 11326
10632 27632
10643 14106
10643 19095
10644 15713
10644 19932
10647 20141
10647 21701
10648 21433
10653 13937
10653 21101
10653 25438
10656 14507
10660 18248
10675 12898
10675 20212
10680 21201
10682 11329
10682 17917
10682 18489
10685 12104
10685 12165
10685 12401
10685 27338
10721 17284
10721 18777
10721 25932
10727 11352
10727 18511
10741 13763
10741 22734
10743 13932
10743 22243
10784 28172
10811 12019
10811 18797
10819 13376
10821 14686
10827 24454
10835 13846
10835 14341
10835 24801
10838 12871
10856 25761
10856 26888
10866 12268
10866 13006
10866 19573
10866 20226
10866 27357
10889 20910
10889 26283
10893 14625
10893 15139
10901 12475
10902 16999
10902 19656
10911 15724
10911 18716
10911 26470
10933 13189
10983 18498
10994 19990
10994 27171
11015 13016
11015 20960
11034 14205
11034 19621
11051 11339
11051 21151
11057 11348
11057 14352
11057 19356
11065 14430
11067 16049
11067 20125
11071 17265
11071 19886
11093 16116
11093 18040
11112 11369
11112 21945
11131 15407
11131 20089
11131 20277
11140 14852
11143 21336
11149 17281
11149 20813
11150 13892
11150 21146
11158 12149
11158 21348
11194 17045
11194 24571
11194 29588
11199 13589
11199 28040
11201 16614
11201 20933
11216 16356
11226 16341
11226 20214
11226 26151
11249 11667
11249 11780
11249 13637
11249 13646
11249 21724
11249 21823
11249 23075
11249 23557
11249 24166
11249 28777
11249 29635
11274 11774
11274 20974
11277 21261
11285 13519
11285 19667
11301 13895
11301 14824
11309 13553
11309 21535
11312 11606
11312 17907
11312 18499
11312 25853
11318 13522
11318 19607
11318 24694
11329 17917
11329 18489
11330 19873
11330 27631
11339 21151
11340 12404
11340 18381
11340 26952
11340 28921
11340 29857
11343 18178
11348 14352
11348 19356
11352 18511
11358 17623
11369 21945
11390 12154
11390 17479
11395 16260
11395 26053
11427 17678
11427 17929
11447 20167
11521 18298
11521 18946
11530 12138
11530 21345
11554 14011
11554 24709
11585 11605
11586 26794
11606 17907
11606 18499
11606 25853
11615 13027
11624 21804
11630 17887
11630 18484
11648 16011
11657 17181
11657 17995
11667 11780
11667 13637
11667 13646
11667 21724
11667 21823
11667 23075
11667 23557
11667 24166
11667 28777
11667 29635
11673 14243
11693 17519
11693 18505
11698 11699
11710 11727
11710 12013
11710 12337
11710 17382
11712 14012
11712 14660
11713 11738
11713 12221
11715 11732
11715 12005
11715 17377
11716 11721
11716 12522
11716 14665
11716 17415
11716 17589
11716 18967
11717 11718
11717 11728
11718 11728
11721 12522
11721 14665
11721 17415
11721 17589
11721 18967
11722 12423
11722 17562
11722 17912
11722 19316
11724 11731
11724 17428
11724 18925
11725 12305
11725 13448
11725 17383
11725 18241
11726 11730
11726 17420
11726 17591
11727 12013
11727 12337
11727 17382
11730 17420
11730 17591
11731 17428
11731 18925
11732 12005
11732 17377
11734 11874
11738 12221
11740 14862
11740 21501
11747 14864
11747 18100
11754 12460
11754 12731
11754 15689
11754 17400
11754 17401
11769 25577
11771 12630
11774 20974
11775 21722
11780 13637
11780 13646
11780 21724
11780 21823
11780 23075
11780 23557
11780 24166
11780 28777
11780 29635
11781 22557
11785 21259
11799 18025
11801 21827
11804 19692
11804 25336
11812 13308
11812 21562
11813 25838
11815 12999
11815 29639
11819 14202
11819 25098
11821 11906
11821 12209
11826 21091
11827 21263
11828 13302
11828 13586
11837 13294
11837 14634
11841 11853
11841 11962
11841 11995
11841 12070
11841 12496
11841 22289
11841 29667
11842 21580
11844 20906
11847 14899
11847 21197
11850 13330
11850 14627
11852 21852
11852 23081
11853 11962
11853 11995
11853 12070
11853 12496
11853 22289
11853 29667
11857 21049
11861 14861
11861 16052
11868 17914
11870 12157
11870 12399
11875 14356
11875 26932
11878 12092
11878 12396
11880 20637
11891 12082
11891 12392
11897 14540
11897 16557
11901 18550
11901 29015
11905 11915
11905 26381
11905 26844
11906 12209
11908 18053
11911 12254
11911 12349
11911 14590
11913 21011
11913 23612
11915 26381
11915 26844
11925 12886
11925 26386
11925 26849
11935 14091
11935 14095
11935 18845
11936 24567
11943 12882
11943 26394
11943 26857
11951 18510
11956 17735
11956 23226
11959 22122
11959 24016
11961 12873
11961 14583
11962 11995
11962 12070
11962 12496
11962 22289
11962 29667
11964 13982
11964 14067
11964 14072
11984 21425
11989 16565
11989 18623
11989 23102
11989 24700
11993 22098
11993 23727
11995 12070
11995 12496
11995 22289
11995 29667
11998 23863
11998 29518
12000 20850
12000 21041
12005 17377
12006 22376
12012 12166
12012 12227
12012 15810
12012 16143
12012 17497
12013 12337
12013 17382
12017 28801
12017 28931
12019 18797
12043 22082
12054 19404
12054 23878
12054 29591
12061 22404
12070 12496
12070 22289
12070 29667
12073 20936
12074 18067
12074 23438
12081 17634
12081 17950
12081 22884
12081 24865
12082 12392
12083 13135
12083 15622
12089 20706
12089 26558
12092 12396
12094 19249
12094 25477
12104 12165
12104 12401
12104 27338
12107 13137
12107 16640
12107 26786
12115 17371
12130 22123
12130 23728
12132 12202
12132 13149
12134 12721
12134 13207
12138 21345
12140 18897
12143 18486
12144 12444
12144 24818
12144 25212
12144 28222
12146 17689
12146 23979
12146 28766
12149 21348
12152 13843
12152 14980
12154 17479
12157 12399
12159 14616
12159 16048
12161 12348
12163 19001
12165 12401
12165 27338
12166 12227
12166 15810
12166 16143
12166 17497
12167 22388
12168 22576
12172 18875
12172 24976
12186 14482
12186 14977
12202 13149
12205 17819
12207 22432
12211 13152
12211 27297
12215 18904
12227 15810
12227 16143
12227 17497
12228 22127
12228 29213
12231 20328
12233 17790
12234 17778
12237 23655
12248 18094
12254 12349
12254 14590
12258 21152
12263 12428
12263 14655
12263 15079
12263 17748
12265 17417
12268 13006
12268 19573
12268 20226
12268 27357
12277 17606
12277 25462
12291 18174
12296 20757
12301 17259
12301 18676
12305 13448
12305 17383
12305 18241
12318 18502
12318 23831
12324 27113
12324 28751
12332 18439
12332 29057
12336 19260
12336 27710
12336 28884
12337 17382
12343 12756
12343 13272
12349 14590
12350 14490
12350 18130
12350 20148
12357 17847
12369 18012
12370 22612
12373 18120
12378 21469
12390 19419
12401 27338
12404 18381
12404 26952
12404 28921
12404 29857
12423 17562
12423 17912
12423 19316
12428 14655
12428 15079
12428 17748
12430 12517
12430 14658
12436 17501
12438 13354
12438 19857
12443 28351
12444 24818
12444 25212
12444 28222
12446 22433
12447 21218
12447 23711
12460 12731
12460 15689
12460 17400
12460 17401
12492 12521
12492 19509
12496 22289
12496 29667
12500 21829
12510 16585
12513 21453
12517 14658
12518 12634
12519 14662
12519 17403
12519 17574
12519 20671
12521 19509
12522 14665
12522 17415
12522 17589
12522 18967
12524 21816
12528 12565
12528 17728
12528 17732
12529 21851
12529 24183
12546 20372
12546 29413
12547 20374
12547 24779
12552 19231
12552 25365
12563 22658
12563 23426
12564 13148
12564 21292
12565 17728
12565 17732
12566 17940
12579 18383
12579 26358
12579 29086
12606 13505
12624 16204
12624 19940
12633 18812
12633 23495
12640 24446
12643 13042
12643 13686
12645 22659
12646 29359
12652 18301
12652 29251
12653 13494
12653 15240
12674 13331
12674 13552
12684 19048
12687 18087
12697 17575
12697 27702
12699 18368
12701 19392
12701 28343
12709 22566
12710 21054
12711 19925
12711 27392
12713 21934
12714 23311
12715 16442
12721 13207
12730 27519
12730 27672
12730 28365
12731 15689
12731 17400
12731 17401
12734 19220
12734 23670
12734 29946
12736 22138
12737 22139
12740 28894
12740 29853
12743 19262
12751 21579
12751 22152
12754 18530
12756 13272
12759 13559
12759 13796
12766 26593
12781 21659
12797 22214
12798 22271
12798 25522
12821 14721
12821 16909
12824 13325
12824 22793
12826 22304
12826 23099
12834 22761
12834 25399
12837 20420
12839 22310
12840 13318
12843 13530
12843 13819
12852 13486
12852 20044
12852 22161
12853 13287
12853 13786
12853 21211
12866 17904
12867 22320
12868 22022
12868 24090
12873 14583
12882 26394
12882 26857
12886 26386
12886 26849
12894 22594
12898 20212
12936 19109
12941 18615
12944 17993
12944 24741
12946 18050
12949 18720
12949 24517
12949 28943
12951 19889
12951 25307
12969 13695
12969 18955
12969 19496
12999 29639
13006 19573
13006 20226
13006 27357
13007 20656
13011 14872
13016 20960
13042 13686
13051 21763
13051 24326
13051 29855
13053 21069
13056 21074
13056 29629
13061 17792
13063 14943
13063 15659
13070 13747
13070 14939
13070 15655
13073 13680
13075 13258
13075 28756
13075 29342
13091 17690
13095 18057
13095 26325
13097 19911
13100 22247
13109 21989
13109 24408
13126 13926
13126 15311
13127 17559
13127 24178
13130 13623
13130 18252
13134 22252
13135 15622
13137 16640
13137 26786
13143 13614
13143 14906
13148 21292
13152 27297
13154 22030
13157 14881
13160 21930
13164 17491
13164 23326
13164 24427
13164 24806
13164 28797
13164 29438
13167 18639
13170 21961
13186 21092
13186 22930
13191 22155
13193 22081
13195 18903
13198 18529
13206 26671
13220 22178
13220 23574
13234 20922
13234 25728
13234 25958
13234 29242
13237 17696
13248 17483
13248 23429
13248 29391
13253 19248
13253 23352
13258 28756
13258 29342
13287 13786
13287 21211
13289 13388
13289 14736
13289 16611
13294 14634
13297 18297
13302 13586
13308 21562
13311 14409
13311 15455
13314 20880
13316 16029
13323 28855
13323 29813
13325 22793
13327 13938
13327 16037
13330 14627
13331 13552
13344 22524
13347 22530
13352 13383
13352 15062
13354 19857
13357 13955
13357 18444
13369 18337
13370 20599
13374 18102
13374 23998
13377 18977
13377 24160
13383 15062
13388 14736
13388 16611
13392 26079
13392 29967
13398 24467
13398 29452
13403 17688
13403 25865
13408 17440
13443 14023
13443 16189
13443 24079
13443 25702
13443 25978
13448 17383
13448 18241
13453 19111
13455 14062
13455 16077
13455 16566
13458 16081
13458 16573
13460 16086
13460 16579
13464 17710
13464 23363
13465 19153
13474 15354
13481 19428
13486 20044
13486 22161
13487 17772
13494 15240
13512 21417
13513 21517
13513 25551
13514 21419
13519 19667
13522 19607
13522 24694
13524 20229
13530 13819
13553 21535
13554 16324
13554 26335
13555 20064
13559 13796
13573 14345
13577 21708
13577 24585
13582 19124
13582 24159
13582 29812
13589 28040
13605 21287
13608 13611
13608 21797
13611 21797
13614 14906
13623 18252
13632 21800
13633 17567
13637 13646
13637 21724
13637 21823
13637 23075
13637 23557
13637 24166
13637 28777
13637 29635
13640 13645
13640 26274
13642 19474
13642 25808
13645 26274
13646 21724
13646 21823
13646 23075
13646 23557
13646 24166
13646 28777
13646 29635
13647 13788
13647 15206
13652 27591
13652 28275
13658 22287
13663 17970
13667 20509
13672 23107
13672 23279
13672 23296
13672 23403
13687 18136
13695 18955
13695 19496
13700 22732
13703 14756
13703 24414
13719 17646
13722 18673
13741 22692
13746 17726
13746 25505
13747 14939
13747 15655
13754 15216
13754 17152
13763 22734
13771 18591
13773 19554
13786 21211
13788 15206
13790 17833
13790 24366
13790 28734
13806 17812
13807 14318
13807 15197
13807 26253
13807 26615
13813 18675
13818 24445
13818 28810
13829 18029
13829 18199
13832 18041
13832 18198
13833 26143
13833 29976
13839 18275
13842 24404
13842 28819
13843 14980
13845 23069
13846 14341
13846 24801
13867 22497
13880 17856
13884 22504
13884 22686
13889 17853
13889 26250
13892 21146
13893 17507
13895 14824
13900 14774
13900 23575
13913 18636
13913 23135
13913 28951
13915 19126
13926 15311
13932 22243
13937 21101
13937 25438
13938 16037
13944 29005
13944 29223
13947 23776
13947 29188
13955 18444
13969 17528
13969 23037
13969 29074
13979 16852
13979 16863
13979 24152
13982 14067
13982 14072
13983 19296
13985 14078
13985 22795
13989 16043
13989 16932
13989 22109
13990 16853
13990 16933
14011 24709
14012 14660
14018 17648
14021 14102
14021 14674
14023 16189
14023 24079
14023 25702
14023 25978
14028 14061
14028 14080
14028 14089
14028 14116
14028 14675
14029 19288
14030 14121
14030 14676
14033 23996
14033 26010
14034 21478
14037 14156
14037 14691
14038 17784
14039 25178
14041 29287
14044 14166
14044 14678
14061 14080
14061 14089
14061 14116
14061 14675
14062 16077
14062 16566
14067 14072
14076 23844
14076 28028
14076 28859
14078 22795
14080 14089
14080 14116
14080 14675
14082 22256
14088 22549
14088 23292
14089 14116
14089 14675
14091 14095
14091 18845
14095 18845
14102 14674
14105 27752
14105 29594
14106 19095
14111 18942
14111 28015
14116 14675
14120 17747
14121 14676
14146 19675
14147 18043
14147 24681
14147 28945
14149 20322
14149 28345
14156 14691
14162 17658
14162 19268
14162 28025
14166 14678
14177 15667
14188 19424
14195 18367
14202 25098
14205 19621
14209 19998
14214 18366
14216 19307
14217 14768
14217 14814
14217 19083
14217 19512
14217 25187
14218 17924
14219 19455
14225 17766
14225 17989
14225 19140
14226 23758
14252 18160
14269 14963
14269 15155
14270 20921
14270 21065
14275 20686
14289 21733
14318 15197
14318 26253
14318 26615
14322 16721
14325 21347
14329 20888
14329 26251
14331 16764
14331 24858
14341 24801
14352 19356
14356 26932
14379 21721
14384 18451
14389 18620
14389 29751
14403 17512
14403 17719
14403 17876
14406 25233
14406 27312
14409 15455
14413 19315
14431 19000
14433 18304
14434 18746
14437 15011
14437 23420
14437 23725
14444 15023
14444 28823
14459 26349
14459 26783
14463 18770
14464 19015
14479 23125
14479 26555
14482 14977
14489 19030
14490 18130
14490 20148
14491 17135
14512 17488
14519 18663
14522 17511
14527 19406
14533 17958
14540 16557
14543 19783
14545 20511
14547 18334
14550 19488
14550 24996
14550 28204
14567 14570
14567 16588
14570 16588
14581 19471
14584 14592
14584 19129
14584 23302
14592 19129
14592 23302
14593 15001
14593 18392
14595 18235
14611 14974
14611 15826
14613 15822
14613 16191
14615 15808
14615 16177
14616 16048
14618 22939
14618 28771
14625 15139
14636 19297
14646 26214
14646 29029
14655 15079
14655 17748
14662 17403
14662 17574
14662 20671
14665 17415
14665 17589
14665 18967
14668 20438
14668 20994
14670 19090
14681 18754
14681 28135
14681 29248
14682 27982
14684 19065
14684 25800
14694 20467
14721 16909
14732 16438
14732 28387
14735 18286
14736 16611
14750 19874
14753 18531
14754 20088
14756 24414
14761 18180
14761 18345
14768 14814
14768 19083
14768 19512
14768 25187
14771 20416
14771 23475
14774 23575
14789 23046
14789 23071
14789 23251
14789 23272
14789 23413
14789 23547
14789 24105
14790 18685
14795 18674
14795 23528
14795 29099
14797 21677
14806 21492
14814 19083
14814 19512
14814 25187
14818 20031
14823 18895
14826 21495
14828 21497
14828 26721
14838 21868
14843 15003
14843 15949
14857 20354
14860 18731
14861 16052
14862 21501
14864 18100
14874 15520
14877 15523
14892 18667
14892 19430
14892 26553
14892 29549
14897 18259
14897 26118
14897 29335
14899 21197
14914 17849
14923 18398
14939 15655
14943 15659
14952 20846
14963 15155
14974 15826
14983 15154
14983 28773
14987 24751
14987 29316
14996 19757
14996 24691
14996 29750
15001 18392
15003 15949
15008 20096
15008 25366
15011 23420
15011 23725
15023 28823
15026 20290
15031 20801
15031 20858
15037 19176
15037 23338
15038 20712
15038 24978
15041 16099
15071 26359
15071 26447
15079 17748
15089 19046
15126 24050
15126 25748
15128 26199
15132 19685
15135 19243
15138 23709
15140 20120
15142 18788
15154 28773
15157 18049
15160 26056
15160 29187
15161 19149
15162 19359
15189 24710
15197 26253
15197 26615
15208 18396
15208 26060
15210 16163
15216 17152
15227 20327
15227 23434
15234 23284
15243 22911
15257 19177
15257 24874
15257 28991
15283 19785
15313 18943
15314 17915
15332 18543
15337 18088
15337 24447
15339 18131
15343 23917
15358 18932
15362 17022
15362 18058
15369 18994
15385 18260
15394 19879
15394 26130
15394 28852
15403 18741
15406 22111
15407 20089
15407 20277
15409 19155
15409 23940
15416 29480
15424 20145
15430 19882
15430 26291
15464 24936
15468 16517
15468 19618
15468 19638
15468 27065
15483 24170
15483 26207
15484 24261
15486 24807
15487 27175
15494 20243
15495 16138
15495 25055
15497 22973
15497 24192
15506 20107
15506 27340
15510 18599
15510 29052
15533 19570
15534 18336
15534 24412
15535 20549
15535 25258
15536 20555
15541 24328
15547 20055
15556 19586
15556 26005
15561 19402
15561 29462
15564 18453
15564 29351
15575 19686
15575 25811
15644 16407
15644 17931
15644 19031
15650 20018
15650 28053
15653 18571
15654 17216
15661 20227
15661 26083
15662 20267
15662 25951
15666 18832
15666 25424
15671 18614
15671 23879
15671 29832
15676 19630
15680 20040
15689 17400
15689 17401
15694 24941
15696 19652
15697 19822
15697 29755
15713 19932
15724 18716
15724 26470
15725 19749
15731 17637
15753 19972
15755 17811
15755 26812
15755 29890
15757 19768
15765 23550
15776 19549
15781 19852
15787 18874
15791 17640
15791 25166
15791 29678
15808 16177
15809 15840
15809 20465
15810 16143
15810 17497
15813 18706
15821 23568
15821 23906
15822 16191
15840 20465
15851 19421
15881 20894
15881 20897
15881 21889
15881 22364
15883 15914
15883 19025
15883 19093
15887 20007
15891 18542
15910 15915
15910 16884
15910 16887
15910 27333
15914 19025
15914 19093
15915 16884
15915 16887
15915 27333
15917 18069
15921 16085
15921 17785
15921 17788
15922 22014
15926 18998
15926 19876
15926 29332
15934 19806
15938 17014
15938 20122
15942 15986
15942 16353
15942 16425
15942 16463
15942 20045
15942 20394
15942 22108
15942 22117
15942 29262
15953 19063
15953 25296
15958 16258
15958 28316
15962 18760
15971 16265
15971 16302
15971 19826
15979 19665
15979 27903
15986 16353
15986 16425
15986 16463
15986 20045
15986 20394
15986 22108
15986 22117
15986 29262
15992 24538
16009 24051
16017 17404
16017 25511
16028 18192
16028 18469
16028 29553
16043 16932
16043 22109
16044 21646
16049 20125
16050 19960
16058 20258
16059 22806
16060 17711
16060 18745
16065 22125
16077 16566
16080 19389
16081 16573
16085 17785
16085 17788
16086 16579
16116 18040
16120 16857
16120 28695
16136 18257
16138 25055
16143 17497
16145 16862
16145 22104
16154 19470
16181 19847
16186 23384
16186 24171
16189 24079
16189 25702
16189 25978
16197 24618
16204 19940
16246 20240
16246 25740
16249 17466
16251 17810
16251 28964
16258 28316
16260 26053
16264 16266
16264 25695
16264 25697
16265 16302
16265 19826
16266 25695
16266 25697
16290 18506
16290 26999
16292 17548
16292 23118
16292 29756
16302 19826
16324 26335
16341 20214
16341 26151
16347 20648
16347 26912
16353 16425
16353 16463
16353 20045
16353 20394
16353 22108
16353 22117
16353 29262
16358 18458
16358 18761
16358 24290
16390 24699
16390 25509
16396 23947
16396 24210
16398 19088
16407 17931
16407 19031
16416 16762
16421 22020
16421 28631
16425 16463
16425 20045
16425 20394
16425 22108
16425 22117
16425 29262
16428 20298
16438 28387
16446 20213
16447 16453
16447 28094
16453 28094
16463 20045
16463 20394
16463 22108
16463 22117
16463 29262
16472 20864
16488 18054
16497 19763
16509 19708
16517 19618
16517 19638
16517 27065
16520 20075
16531 20815
16534 26954
16565 18623
16565 23102
16565 24700
16576 19923
16596 19317
16614 20933
16630 20059
16640 26786
16649 16749
16649 23047
16649 23649
16649 24399
16669 20254
16669 20912
16674 19353
16674 25052
16676 18184
16702 26313
16702 28285
16716 20642
16716 27664
16720 27659
16720 28698
16749 23047
16749 23649
16749 24399
16764 24858
16816 21794
16816 26607
16852 16863
16852 24152
16853 16933
16857 28695
16862 22104
16863 24152
16877 27061
16884 16887
16884 27333
16887 27333
16895 20562
16895 29022
16897 20020
16897 26328
16915 19597
16922 25782
16932 22109
16960 17139
16960 23708
16961 29499
16965 19462
16975 19805
16999 19656
17004 23660
17014 20122
17022 18058
17045 24571
17045 29588
17086 22909
17116 19375
17139 23708
17142 20772
17142 27126
17180 24031
17180 26905
17181 17995
17186 24704
17189 19865
17252 20131
17252 20352
17252 20439
17252 20676
17259 18676
17265 19886
17281 20813
17284 18777
17284 25932
17300 21204
17367 17384
17367 19913
17374 17387
17383 18241
17384 19913
17393 18267
17393 18279
17393 18880
17400 17401
17402 17842
17402 18210
17402 18266
17402 18905
17403 17574
17403 20671
17404 25511
17406 17780
17406 18213
17406 18270
17406 18902
17406 23959
17410 17557
17410 17896
17413 17848
17413 18220
17413 18271
17413 18901
17415 17589
17415 18967
17420 17591
17428 18925
17432 22810
17435 17884
17435 18225
17435 18900
17450 17900
17450 18256
17450 18602
17450 18899
17456 24071
17456 28843
17458 17905
17458 18261
17458 18605
17458 18898
17464 17682
17464 17909
17464 18265
17464 18894
17468 17672
17468 17920
17477 18280
17477 18879
17478 18161
17478 18380
17478 19355
17478 22322
17483 23429
17483 29391
17485 29410
17491 23326
17491 24427
17491 24806
17491 28797
17491 29438
17512 17719
17512 17876
17514 22922
17514 29072
17515 22938
17519 18505
17528 23037
17528 29074
17545 23044
17545 29078
17548 23118
17548 29756
17550 23048
17550 29082
17555 17817
17555 18026
17557 17896
17559 24178
17562 17912
17562 19316
17568 18520
17568 19259
17569 18203
17569 20014
17574 20671
17575 27702
17577 29295
17578 17806
17578 27085
17589 18967
17595 17829
17595 24011
17606 25462
17612 18528
17612 18950
17612 19207
17612 19257
17620 18194
17620 19732
17624 18209
17624 20301
17627 18207
17634 17950
17634 22884
17634 24865
17640 25166
17640 29678
17642 17843
17642 24546
17652 17901
17652 17910
17653 17926
17654 17820
17654 18200
17654 18865
17658 19268
17658 28025
17660 17845
17660 17935
17662 18320
17662 18540
17666 18948
17666 19255
17668 17783
17668 17941
17672 17920
17673 17793
17673 17945
17674 17681
17674 17997
17674 17998
17674 18083
17674 18975
17674 18983
17678 17929
17681 17997
17681 17998
17681 18083
17681 18975
17681 18983
17682 17909
17682 18265
17682 18894
17685 17932
17687 17797
17687 17999
17688 25865
17689 23979
17689 28766
17692 17800
17692 18003
17695 17803
17695 18009
17695 29487
17699 18947
17699 19252
17700 17807
17700 18017
17710 23363
17711 18745
17719 17876
17726 25505
17728 17732
17729 17770
17729 17996
17729 19141
17735 23226
17738 18468
17738 19246
17752 25498
17761 18151
17761 29533
17766 17989
17766 19140
17767 17855
17770 17996
17770 19141
17775 18013
17775 25638
17780 18213
17780 18270
17780 18902
17780 23959
17783 17941
17785 17788
17789 28300
17793 17945
17797 17999
17800 18003
17803 18009
17803 29487
17806 27085
17807 18017
17810 28964
17811 26812
17811 29890
17817 18026
17820 18200
17820 18865
17822 18146
17822 18208
17829 24011
17831 18175
17831 18239
17831 18908
17833 24366
17833 28734
17836 18182
17836 18245
17836 18907
17837 18168
17838 28260
17838 28992
17842 18210
17842 18266
17842 18905
17843 24546
17845 17935
17848 18220
17848 18271
17848 18901
17853 26250
17854 18470
17854 19242
17874 18172
17874 18583
17881 18379
17884 18225
17884 18900
17887 18484
17891 18250
17891 18600
17897 17967
17897 18472
17897 19237
17900 18256
17900 18602
17900 18899
17901 17910
17902 17962
17902 18474
17905 18261
17905 18605
17905 18898
17907 18499
17907 25853
17909 18265
17909 18894
17912 19316
17917 18489
17931 19031
17943 23982
17950 22884
17950 24865
17960 18424
17960 18477
17962 18474
17967 18472
17967 19237
17972 23151
17989 19140
17993 24741
17996 19141
17997 17998
17997 18083
17997 18975
17997 18983
17998 18083
17998 18975
17998 18983
18009 29487
18013 25638
18029 18199
18041 18198
18043 24681
18043 28945
18057 26325
18067 23438
18083 18975
18083 18983
18088 24447
18098 18165
18098 18581
18102 23998
18103 18504
18103 18853
18106 22237
18109 24811
18117 24869
18117 28923
18124 18438
18124 19271
18129 21176
18130 20148
18137 27990
18146 18208
18151 29533
18161 18380
18161 19355
18161 22322
18165 18581
18172 18583
18175 18239
18175 18908
18180 18345
18182 18245
18182 18907
18191 23041
18191 29748
18192 18469
18192 29553
18194 19732
18200 18865
18203 20014
18209 20301
18210 18266
18210 18905
18213 18270
18213 18902
18213 23959
18220 18271
18220 18901
18225 18900
18236 18801
18236 27099
18239 18908
18245 18907
18250 18600
18256 18602
18256 18899
18259 26118
18259 29335
18261 18605
18261 18898
18262 19417
18262 26400
18262 26882
18265 18894
18266 18905
18267 18279
18267 18880
18270 18902
18270 23959
18271 18901
18279 18880
18280 18879
18282 18878
18298 18946
18300 23806
18301 29251
18302 18570
18302 21980
18305 18467
18320 18540
18336 24412
18354 24096
18354 29854
18371 25147
18380 19355
18380 22322
18381 26952
18381 28921
18381 29857
18383 26358
18383 29086
18396 26060
18402 18621
18402 24722
18424 18477
18426 25237
18426 29828
18438 19271
18439 29057
18453 29351
18458 18761
18458 24290
18468 19246
18469 29553
18470 19242
18472 19237
18499 25853
18502 23831
18504 18853
18506 26999
18520 19259
18528 18950
18528 19207
18528 19257
18550 29015
18570 21980
18599 29052
18602 18899
18605 18898
18613 24272
18613 25752
18614 23879
18614 29832
18620 29751
18621 24722
18623 23102
18623 24700
18633 21900
18633 21909
18636 23135
18636 28951
18667 19430
18667 26553
18667 29549
18674 23528
18674 29099
18703 25749
18716 26470
18720 24517
18720 28943
18724 25586
18724 29038
18753 22052
18754 28135
18754 29248
18761 24290
18777 25932
18778 29836
18801 27099
18812 23495
18832 25424
18849 24887
18875 24976
18902 23959
18942 28015
18947 19252
18948 19255
18950 19207
18950 19257
18951 23009
18955 19496
18975 18983
18977 24160
18998 19876
18998 29332
19025 19093
19056 20761
19056 25574
19056 25669
19063 25296
19065 25800
19070 23147
19083 19512
19083 25187
19124 24159
19124 29812
19129 23302
19155 23940
19175 25054
19176 23338
19177 24874
19177 28991
19207 19257
19213 25738
19213 29556
19218 25157
19220 23670
19220 29946
19231 25365
19241 22912
19241 29156
19248 23352
19249 25477
19260 27710
19260 28884
19264 25610
19268 28025
19319 19457
19322 19336
19322 19366
19322 19459
19322 19464
19336 19366
19336 19459
19336 19464
19345 25414
19353 25052
19355 22322
19360 20175
19366 19459
19366 19464
19392 28343
19402 29462
19404 23878
19404 29591
19417 26400
19417 26882
19430 26553
19430 29549
19453 25525
19453 29937
19459 19464
19474 25808
19488 24996
19488 28204
19512 25187
19573 20226
19573 27357
19586 26005
19593 20261
19593 21258
19607 24694
19618 19638
19618 27065
19638 27065
19659 27446
19659 27606
19665 27903
19666 27735
19686 25811
19692 25336
19697 26433
19697 27453
19736 25708
19757 24691
19757 29750
19766 25557
19774 22430
19774 26353
19779 24343
19779 29601
19822 29755
19863 21013
19873 27631
19875 23119
19875 23283
19876 29332
19879 26130
19879 28852
19882 26291
19889 25307
19925 27392
19975 26463
19990 27171
20003 23591
20018 28053
20020 26328
20044 22161
20045 20394
20045 22108
20045 22117
20045 29262
20089 20277
20096 25366
20107 27340
20131 20352
20131 20439
20131 20676
20141 21701
20150 28750
20150 29165
20179 27178
20214 26151
20226 27357
20227 26083
20240 25740
20254 20912
20261 21258
20267 25951
20268 24449
20293 26647
20322 28345
20327 23434
20352 20439
20352 20676
20358 20436
20358 21456
20358 27104
20372 29413
20374 24779
20394 22108
20394 22117
20394 29262
20416 23475
20436 21456
20436 27104
20438 20994
20439 20676
20499 21611
20549 25258
20562 29022
20625 20650
20642 27664
20648 26912
20652 27832
20688 24799
20706 26558
20712 24978
20721 27122
20761 25574
20761 25669
20772 27126
20801 20858
20804 20889
20804 23997
20850 21041
20888 26251
20889 23997
20894 20897
20894 21889
20894 22364
20897 21889
20897 22364
20908 29423
20910 26283
20921 21065
20922 25728
20922 25958
20922 29242
21011 23612
21061 25005
21061 28856
21074 29629
21092 22930
21101 25438
21218 23711
21254 21326
21291 22623
21344 25488
21344 26459
21456 27104
21477 22296
21497 26721
21517 25551
21569 26570
21575 28667
21575 29659
21575 29687
21579 22152
21584 24439
21708 24585
21724 21823
21724 23075
21724 23557
21724 24166
21724 28777
21724 29635
21763 24326
21763 29855
21794 26607
21823 23075
21823 23557
21823 24166
21823 28777
21823 29635
21851 24183
21852 23081
21889 22364
21900 21905
21900 21909
21935 28746
21935 28837
21989 24408
22020 28631
22022 24090
22050 25765
22050 28762
22087 29310
22098 23727
22108 22117
22108 29262
22117 29262
22120 26443
22122 24016
22123 23728
22127 29213
22156 24872
22156 28984
22178 23574
22271 25522
22289 29667
22304 23099
22430 26353
22475 25731
22475 29073
22504 22686
22549 23292
22658 23426
22687 29127
22687 29164
22687 29691
22695 27754
22695 27758
22695 29465
22761 25399
22774 22803
22777 22820
22777 22961
22788 22812
22788 22955
22812 22955
22820 22961
22827 23019
22827 25396
22858 23053
22858 28847
22858 29113
22858 29145
22880 23762
22882 25114
22884 24865
22891 24482
22891 26149
22901 22962
22901 23013
22901 23234
22912 29156
22914 23219
22916 23507
22916 24265
22922 29072
22924 29744
22929 23500
22929 29516
22939 28771
22942 23750
22942 25544
22951 29927
22962 23013
22962 23234
22963 24357
22963 29682
22968 24570
22973 24192
22977 23466
22977 24270
22987 23460
22987 24276
22995 29599
22995 29706
22998 23006
22998 23345
22998 23378
23006 23345
23006 23378
23008 23038
23008 23742
23013 23234
23019 25396
23021 23555
23021 23744
23035 24041
23035 24315
23037 29074
23038 23742
23041 29748
23044 29078
23046 23071
23046 23251
23046 23272
23046 23413
23046 23547
23046 24105
23047 23649
23047 24399
23048 29082
23053 28847
23053 29113
23053 29145
23062 23257
23062 23421
23071 23251
23071 23272
23071 23413
23071 23547
23071 24105
23075 23557
23075 24166
23075 28777
23075 29635
23086 23277
23086 23405
23089 23263
23089 23442
23096 23286
23096 23398
23098 23274
23098 23415
23102 24700
23107 23279
23107 23296
23107 23403
23110 23677
23110 23775
23110 23898
23110 25325
23110 27105
23118 29756
23119 23283
23125 26555
23129 23310
23129 23355
23130 26183
23130 26241
23133 29741
23135 28951
23153 23317
23153 23391
23166 23325
23166 23365
23173 23320
23173 23335
23179 23332
23179 23356
23186 23268
23186 24562
23208 23599
23208 24819
23208 28573
23235 23313
23235 23327
23235 25406
23251 23272
23251 23413
23251 23547
23251 24105
23257 23421
23258 23492
23258 26189
23259 23297
23259 23361
23259 29799
23263 23442
23264 24845
23264 26574
23268 24562
23272 23413
23272 23547
23272 24105
23274 23415
23277 23405
23279 23296
23279 23403
23286 23398
23291 23300
23291 23367
23296 23403
23297 23361
23297 29799
23300 23367
23310 23355
23313 23327
23313 25406
23316 23452
23316 25531
23317 23391
23320 23335
23322 25869
23322 26272
23325 23365
23326 24427
23326 24806
23326 28797
23326 29438
23327 25406
23332 23356
23345 23378
23361 29799
23384 24171
23390 24488
23390 27626
23401 24363
23413 23547
23413 24105
23420 23725
23429 29391
23440 29125
23452 25531
23455 26154
23455 26395
23460 24276
23466 24270
23492 26189
23500 29516
23507 24265
23528 29099
23547 24105
23555 23744
23557 24166
23557 28777
23557 29635
23568 23906
23572 24849
23599 24819
23599 28573
23649 24399
23670 29946
23677 23775
23677 23898
23677 25325
23677 27105
23694 24921
23694 25960
23704 25394
23704 25579
23750 25544
23775 23898
23775 25325
23775 27105
23776 29188
23820 23821
23842 28690
23842 28865
23844 28028
23844 28859
23863 29518
23878 29591
23879 29832
23898 25325
23898 27105
23929 29475
23947 24210
23964 24348
23964 25562
23979 28766
23996 26010
24000 24325
24000 27586
24001 27426
24001 27568
24020 24323
24031 26905
24037 29508
24041 24315
24047 24305
24047 25987
24050 25748
24071 28843
24079 25702
24079 25978
24096 29854
24159 29812
24166 28777
24166 29635
24170 26207
24227 24648
24229 24904
24229 25165
24229 26086
24272 25752
24305 25987
24325 27586
24326 29855
24330 28182
24330 28208
24339 24621
24339 24701
24343 29601
24348 25562
24356 26263
24357 29682
24366 28734
24404 28819
24427 24806
24427 28797
24427 29438
24445 28810
24467 29452
24482 26149
24488 27626
24517 28943
24571 29588
24589 24687
24589 26268
24621 24701
24624 24705
24627 24708
24627 26319
24681 28945
24683 25556
24683 28554
24687 26268
24691 29750
24692 27658
24699 25509
24703 24782
24703 25512
24708 26319
24729 25517
24734 25047
24734 25529
24739 25097
24739 26510
24751 29316
24755 25144
24755 25532
24760 25395
24760 25537
24769 24993
24769 26155
24776 25128
24776 26139
24777 25029
24781 25132
24781 26134
24782 25512
24789 25140
24789 26128
24793 25146
24793 26119
24806 28797
24806 29438
24813 25153
24813 26112
24818 25212
24818 28222
24819 28573
24820 25160
24820 26091
24842 28715
24845 26574
24869 28923
24872 28984
24874 28991
24904 25165
24904 26086
24921 25960
24928 24931
24993 26155
24996 28204
25005 28856
25043 28196
25047 25529
25051 28199
25051 29278
25092 25314
25092 29330
25097 26510
25119 26439
25128 26139
25132 26134
25140 26128
25144 25532
25146 26119
25153 26112
25160 26091
25165 26086
25166 29678
25192 29955
25212 28222
25225 26627
25233 27312
25237 29828
25241 26744
25241 29899
25314 29330
25319 25323
25325 27105
25342 27876
25342 27907
25394 25579
25395 25537
25440 27741
25440 27819
25443 29358
25488 26459
25525 29937
25526 29482
25556 28554
25574 25669
25586 29038
25633 26504
25633 28454
25695 25697
25702 25978
25728 25958
25728 29242
25731 29073
25738 29556
25761 26888
25765 28762
25770 25982
25869 26272
25958 29242
26056 29187
26057 29891
26079 29967
26118 29335
26130 28852
26143 29976
26154 26395
26178 26244
26183 26241
26214 29029
26253 26615
26313 28285
26349 26783
26358 29086
26359 26447
26381 26844
26386 26849
26394 26857
26400 26882
26404 26720
26404 26889
26433 27453
26456 26921
26496 26499
26496 29930
26499 29930
26504 28454
26553 29549
26581 27820
26581 29809
26594 28292
26598 29313
26598 29511
26670 27293
26720 26889
26744 29899
26760 27798
26760 29709
26812 29890
26952 28921
26952 29857
27039 28710
27039 29824
27113 28751
27277 28779
27277 28869
27291 29311
27291 29366
27375 27587
27375 28280
27378 27575
27378 28288
27380 27569
27380 28304
27383 27564
27383 28220
27419 27746
27419 28017
27426 27568
27446 27606
27519 27672
27519 28365
27564 28220
27569 28304
27575 28288
27587 28280
27591 28275
27635 27693
27659 28698
27672 28365
27710 28884
27719 28408
27720 28556
27741 27819
27746 28017
27752 29594
27754 27758
27754 29465
27758 29465
27798 29709
27820 29809
27842 29647
27876 27907
27881 27912
27881 29595
27912 29595
28028 28859
28135 29248
28182 28208
28199 29278
28206 29428
28206 29506
28260 28992
28667 29659
28667 29687
28690 28865
28710 29824
28746 28837
28750 29165
28756 29342
28761 28851
28777 29635
28779 28869
28797 29438
28801 28931
28847 29113
28847 29145
28849 29355
28849 29357
28855 29813
28894 29853
28902 29140
28902 29308
28921 29857
29005 29223
29041 29415
29041 29426
29049 29285
29049 29898
29064 29288
29064 29471
29113 29145
29118 29150
29118 29230
29127 29164
29127 29691
29140 29308
29150 29230
29152 29161
29152 29166
29152 29380
29161 29166
29161 29380
29164 29691
29166 29380
29285 29898
29288 29471
29297 29881
29311 29366
29313 29511
29355 29357
29415 29426
29428 29506
29599 29706
29659 29687
